0, 0.0
1, 0.0, 0.025868909433484077
2, 0.0
3, 0.0
4, 0.0
5, 0.16666666666666666
6, 0.2857142857142857
7, 0.375
8, 0.4444444444444444
9, 0.4, 0.0002742079959716648
10, 0.5454545454545454
11, 0.5
12, 0.46153846153846156, 0.012278140522539616
13, 0.42857142857142855
14, 0.4
15, 0.375
16, 0.35294117647058826, 0.024964574724435806
17, 0.3333333333333333
18, 0.3157894736842105, 0.015632838010787964
19, 0.3
20, 0.3333333333333333
21, 0.3181818181818182
22, 0.30434782608695654
23, 0.3333333333333333
24, 0.32
25, 0.3076923076923077, 0.016701603308320045
26, 0.2962962962962963
27, 0.35714285714285715
28, 0.3448275862068966, 0.010970143601298332
29, 0.3333333333333333
30, 0.3333333333333333, 0.0007260205456987023
31, 0.3333333333333333
32, 0.4, 0.016213148832321167
33, 0.4
34, 0.4, 0.011354605667293072
35, 0.36666666666666664
36, 0.3333333333333333
37, 0.3
38, 0.26666666666666666
39, 0.26666666666666666
40, 0.2, 0.00047964236000552773
41, 0.2
42, 0.2
43, 0.2
44, 0.2, 0.02562745288014412
45, 0.2
46, 0.2
47, 0.2
48, 0.2, 0.025789789855480194
49, 0.2
50, 0.16666666666666666
51, 0.16666666666666666
52, 0.2
53, 0.2
54, 0.2
55, 0.2
56, 0.2
57, 0.13333333333333333, 0.039305880665779114
58, 0.13333333333333333
59, 0.13333333333333333
60, 0.13333333333333333
61, 0.2
62, 0.16666666666666666
63, 0.16666666666666666, 0.051120758056640625
64, 0.2
65, 0.2
66, 0.2
67, 0.2
68, 0.2
69, 0.23333333333333334
70, 0.23333333333333334
71, 0.23333333333333334, 0.03203541412949562
72, 0.23333333333333334
73, 0.23333333333333334
74, 0.23333333333333334
75, 0.23333333333333334, 0.001247128238901496
76, 0.23333333333333334
77, 0.26666666666666666
78, 0.3333333333333333
79, 0.36666666666666664, 0.010660196654498577
80, 0.4
81, 0.4666666666666667
82, 0.43333333333333335
83, 0.4
84, 0.4
85, 0.4
86, 0.4
87, 0.4
88, 0.4, 0.0033663511276245117
89, 0.4
90, 0.43333333333333335, 0.016998400911688805
91, 0.36666666666666664
92, 0.3333333333333333
93, 0.3333333333333333
94, 0.3, 0.018038272857666016
95, 0.3
96, 0.3
97, 0.3
98, 0.3, 0.022290391847491264
99, 0.26666666666666666
100, 0.26666666666666666
101, 0.26666666666666666
102, 0.26666666666666666, 0.0006768483435735106
103, 0.3, 0.009061486460268497
104, 0.3
105, 0.36666666666666664
106, 0.4, 0.01912630721926689
107, 0.36666666666666664
108, 0.3333333333333333, 0.01846366375684738
109, 0.3333333333333333, 0.04268981143832207
110, 0.3
111, 0.26666666666666666
112, 0.26666666666666666
113, 0.26666666666666666, 0.015241920948028564
114, 0.26666666666666666
115, 0.26666666666666666
116, 0.26666666666666666
117, 0.26666666666666666
118, 0.3333333333333333, 0.02648991346359253
119, 0.3333333333333333
120, 0.3
121, 0.3
122, 0.3, 0.004242170136421919
123, 0.3
124, 0.3, 0.0009659774950705469
125, 0.36666666666666664
126, 0.4
127, 0.43333333333333335
128, 0.43333333333333335, 0.008831730112433434
129, 0.43333333333333335
130, 0.43333333333333335, 0.004663896281272173
131, 0.43333333333333335
132, 0.43333333333333335
133, 0.43333333333333335
134, 0.43333333333333335
135, 0.43333333333333335
136, 0.43333333333333335, 0.001840564189478755
137, 0.43333333333333335
138, 0.4, 0.0025802645832300186
139, 0.36666666666666664
140, 0.36666666666666664
141, 0.3333333333333333
142, 0.36666666666666664
143, 0.4
144, 0.4, 0.0026412573643028736
145, 0.4
146, 0.4
147, 0.4
148, 0.3333333333333333, 0.00734480656683445
149, 0.36666666666666664, 0.0035347940865904093
150, 0.36666666666666664
151, 0.36666666666666664
152, 0.36666666666666664
153, 0.36666666666666664, 0.0060491603799164295
154, 0.36666666666666664
155, 0.3
156, 0.26666666666666666
157, 0.23333333333333334, 0.008521025069057941
158, 0.23333333333333334
159, 0.23333333333333334
160, 0.23333333333333334
161, 0.23333333333333334, 0.0028199157677590847
162, 0.26666666666666666
163, 0.26666666666666666
164, 0.3, 0.011458633467555046
165, 0.23333333333333334
166, 0.2
167, 0.2
168, 0.26666666666666666
169, 0.26666666666666666, 0.008233733475208282
170, 0.26666666666666666
171, 0.26666666666666666
172, 0.23333333333333334
173, 0.2, 0.007195866666734219
174, 0.2
175, 0.26666666666666666
176, 0.26666666666666666
177, 0.3
178, 0.3, 0.013738755136728287
179, 0.26666666666666666
180, 0.26666666666666666
181, 0.26666666666666666
182, 0.26666666666666666, 0.007882190868258476
183, 0.26666666666666666
184, 0.26666666666666666
185, 0.3
186, 0.3333333333333333
187, 0.3333333333333333, 0.010040374472737312
188, 0.36666666666666664, 0.007778831757605076
189, 0.4
190, 0.4
191, 0.4, 0.010935633443295956
192, 0.36666666666666664
193, 0.3333333333333333, 0.0017871098825708032
194, 0.3
195, 0.3333333333333333, 0.0070847682654857635
196, 0.3333333333333333
197, 0.3333333333333333
198, 0.26666666666666666
199, 0.26666666666666666, 0.013406356796622276
200, 0.26666666666666666
201, 0.26666666666666666, 0.004398572724312544
202, 0.26666666666666666
203, 0.3, 0.0017126870807260275
204, 0.3
205, 0.23333333333333334
206, 0.23333333333333334
207, 0.2
208, 0.23333333333333334
209, 0.23333333333333334
210, 0.26666666666666666, 0.0030653977300971746
211, 0.26666666666666666
212, 0.26666666666666666, 0.0023738446179777384
213, 0.26666666666666666
214, 0.26666666666666666
215, 0.23333333333333334
216, 0.2, 0.012017840519547462
217, 0.2
218, 0.16666666666666666
219, 0.13333333333333333
220, 0.13333333333333333, 0.01467986311763525
221, 0.13333333333333333
222, 0.13333333333333333
223, 0.13333333333333333
224, 0.13333333333333333
225, 0.1
226, 0.1, 0.00237963255494833
227, 0.1
228, 0.1, 0.008569106459617615
229, 0.1
230, 0.1
231, 0.1
232, 0.1, 0.026263104751706123
233, 0.1, 0.0017533404752612114
234, 0.13333333333333333
235, 0.13333333333333333
236, 0.13333333333333333
237, 0.2
238, 0.16666666666666666
239, 0.16666666666666666, 0.010293696075677872
240, 0.16666666666666666
241, 0.16666666666666666
242, 0.16666666666666666
243, 0.16666666666666666, 0.013051558285951614
244, 0.16666666666666666
245, 0.23333333333333334
246, 0.23333333333333334
247, 0.23333333333333334
248, 0.26666666666666666
249, 0.3
250, 0.3
251, 0.3, 0.004764840006828308
252, 0.3333333333333333
253, 0.3333333333333333
254, 0.3333333333333333
255, 0.4, 0.0069887759163975716
256, 0.4
257, 0.43333333333333335
258, 0.43333333333333335, 0.009735052473843098
259, 0.4666666666666667, 0.005829962901771069
260, 0.4666666666666667
261, 0.4666666666666667
262, 0.4666666666666667
263, 0.43333333333333335, 0.002704674145206809
264, 0.4
265, 0.4666666666666667
266, 0.5
267, 0.4666666666666667, 0.004099181387573481
268, 0.5
269, 0.5
270, 0.5
271, 0.5
272, 0.5, 0.011381705291569233
273, 0.5
274, 0.5, 0.007495550438761711
275, 0.43333333333333335
276, 0.43333333333333335
277, 0.43333333333333335
278, 0.4
279, 0.36666666666666664
280, 0.36666666666666664, 0.008540952578186989
281, 0.36666666666666664
282, 0.36666666666666664
283, 0.36666666666666664
284, 0.4
285, 0.3333333333333333
286, 0.3333333333333333
287, 0.3, 0.010958263650536537
288, 0.3
289, 0.26666666666666666
290, 0.26666666666666666
291, 0.26666666666666666, 0.005538830533623695
292, 0.26666666666666666
293, 0.3, 0.013061066158115864
294, 0.3
295, 0.23333333333333334
296, 0.2
297, 0.16666666666666666, 0.018388880416750908
298, 0.16666666666666666
299, 0.16666666666666666
300, 0.13333333333333333
301, 0.2
302, 0.2
303, 0.23333333333333334, 0.007565714418888092
304, 0.26666666666666666, 0.01022243034094572
305, 0.3
306, 0.3
307, 0.3333333333333333
308, 0.36666666666666664
309, 0.36666666666666664, 0.0020935307256877422
310, 0.36666666666666664
311, 0.36666666666666664
312, 0.3333333333333333
313, 0.3333333333333333, 0.004560433328151703
314, 0.3
315, 0.3
316, 0.3333333333333333
317, 0.3333333333333333
318, 0.3333333333333333
319, 0.3333333333333333
320, 0.3333333333333333
321, 0.36666666666666664, 0.0020567732863128185
322, 0.36666666666666664
323, 0.3333333333333333, 0.004547652322798967
324, 0.3333333333333333
325, 0.3333333333333333
326, 0.3333333333333333
327, 0.3333333333333333, 0.004035846795886755
328, 0.3
329, 0.3
330, 0.3
331, 0.23333333333333334
332, 0.23333333333333334
333, 0.2, 0.011175182648003101
334, 0.16666666666666666
335, 0.13333333333333333
336, 0.13333333333333333
337, 0.1, 0.008631326258182526
338, 0.06666666666666667
339, 0.06666666666666667, 0.01511348970234394
340, 0.06666666666666667
341, 0.06666666666666667, 0.0057928599417209625
342, 0.06666666666666667
343, 0.06666666666666667
344, 0.06666666666666667
345, 0.13333333333333333
346, 0.1, 0.0014390938449651003
347, 0.1
348, 0.1
349, 0.1
350, 0.1, 0.0043873535469174385
351, 0.06666666666666667
352, 0.06666666666666667
353, 0.06666666666666667
354, 0.06666666666666667
355, 0.06666666666666667
356, 0.06666666666666667
357, 0.06666666666666667
358, 0.06666666666666667
359, 0.06666666666666667
360, 0.06666666666666667, 0.014473827555775642
361, 0.06666666666666667
362, 0.1
363, 0.1, 0.00438289437443018
364, 0.1
365, 0.1
366, 0.1
367, 0.1, 0.002895630430430174
368, 0.1
369, 0.1, 0.0033928966149687767
370, 0.1
371, 0.13333333333333333
372, 0.13333333333333333
373, 0.13333333333333333, 0.01515942718833685
374, 0.13333333333333333
375, 0.06666666666666667
376, 0.06666666666666667
377, 0.06666666666666667, 0.003939824178814888
378, 0.06666666666666667
379, 0.1
380, 0.1
381, 0.1
382, 0.13333333333333333
383, 0.16666666666666666
384, 0.16666666666666666, 0.003745156340301037
385, 0.16666666666666666
386, 0.16666666666666666
387, 0.16666666666666666
388, 0.23333333333333334
389, 0.23333333333333334
390, 0.23333333333333334
391, 0.23333333333333334, 0.007147836498916149
392, 0.2
393, 0.26666666666666666
394, 0.26666666666666666
395, 0.26666666666666666, 0.003236568532884121
396, 0.26666666666666666
397, 0.26666666666666666
398, 0.26666666666666666
399, 0.3, 0.010080176405608654
400, 0.3
401, 0.26666666666666666
402, 0.26666666666666666
403, 0.26666666666666666, 0.008073150180280209
404, 0.26666666666666666
405, 0.26666666666666666
406, 0.26666666666666666
407, 0.26666666666666666, 0.016550930216908455
408, 0.26666666666666666
409, 0.23333333333333334
410, 0.26666666666666666
411, 0.3
412, 0.3
413, 0.26666666666666666
414, 0.26666666666666666, 0.004215683788061142
415, 0.26666666666666666
416, 0.26666666666666666
417, 0.26666666666666666
418, 0.2, 0.009505518712103367
419, 0.2
420, 0.2
421, 0.2
422, 0.2, 0.011274495162069798
423, 0.13333333333333333
424, 0.13333333333333333, 0.004936411511152983
425, 0.2
426, 0.2
427, 0.2
428, 0.23333333333333334
429, 0.2
430, 0.2
431, 0.2
432, 0.2
433, 0.2, 0.0011914762435480952
434, 0.2
435, 0.2
436, 0.2
437, 0.2, 0.009190553799271584
438, 0.2
439, 0.2
440, 0.16666666666666666
441, 0.13333333333333333, 0.004811973311007023
442, 0.1
443, 0.1
444, 0.1
445, 0.1, 0.0027006100863218307
446, 0.1
447, 0.1
448, 0.1
449, 0.1, 0.00539523595944047
450, 0.1
451, 0.1
452, 0.1
453, 0.1, 0.008883741684257984
454, 0.1
455, 0.06666666666666667
456, 0.06666666666666667
457, 0.06666666666666667
458, 0.03333333333333333
459, 0.06666666666666667, 0.007885602302849293
460, 0.06666666666666667
461, 0.06666666666666667
462, 0.06666666666666667
463, 0.06666666666666667
464, 0.06666666666666667
465, 0.06666666666666667
466, 0.06666666666666667
467, 0.06666666666666667
468, 0.06666666666666667
469, 0.06666666666666667, 0.002783149713650346
470, 0.06666666666666667
471, 0.06666666666666667
472, 0.1
473, 0.1
474, 0.1
475, 0.1
476, 0.13333333333333333
477, 0.16666666666666666
478, 0.16666666666666666
479, 0.16666666666666666
480, 0.2
481, 0.2, 0.004438573960214853
482, 0.23333333333333334
483, 0.23333333333333334, 0.003985060378909111
484, 0.23333333333333334
485, 0.2
486, 0.2
487, 0.23333333333333334, 0.0020955142099410295
488, 0.23333333333333334
489, 0.2, 0.006812241859734058
490, 0.2
491, 0.2, 0.004313870798796415
492, 0.2
493, 0.3333333333333333, 0.0032255402766168118
494, 0.3333333333333333
495, 0.36666666666666664
496, 0.36666666666666664
497, 0.4
498, 0.4
499, 0.4, 0.003970391117036343
500, 0.4
501, 0.4
502, 0.36666666666666664
503, 0.36666666666666664, 0.004809248726814985
504, 0.36666666666666664
505, 0.36666666666666664, 0.008136655203998089
506, 0.3333333333333333
507, 0.3
508, 0.3
509, 0.3, 0.002894748467952013
510, 0.3
511, 0.3
512, 0.26666666666666666
513, 0.26666666666666666, 0.0008397892233915627
514, 0.26666666666666666
515, 0.26666666666666666
516, 0.26666666666666666
517, 0.23333333333333334
518, 0.23333333333333334
519, 0.23333333333333334, 0.002431553555652499
520, 0.23333333333333334
521, 0.23333333333333334
522, 0.3
523, 0.16666666666666666
524, 0.16666666666666666, 0.002284427173435688
525, 0.13333333333333333
526, 0.13333333333333333, 0.0031141075305640697
527, 0.1
528, 0.1
529, 0.1
530, 0.1, 0.00564082246273756
531, 0.1
532, 0.1
533, 0.13333333333333333
534, 0.13333333333333333, 0.004168429411947727
535, 0.16666666666666666
536, 0.16666666666666666
537, 0.16666666666666666
538, 0.23333333333333334
539, 0.23333333333333334, 0.002592639531940222
540, 0.2
541, 0.26666666666666666, 0.001773895462974906
542, 0.26666666666666666
543, 0.26666666666666666, 0.0029795030131936073
544, 0.26666666666666666
545, 0.26666666666666666
546, 0.26666666666666666
547, 0.26666666666666666, 0.0029366626404225826
548, 0.26666666666666666
549, 0.26666666666666666
550, 0.3
551, 0.3, 0.0029279938898980618
552, 0.23333333333333334
553, 0.23333333333333334
554, 0.23333333333333334
555, 0.23333333333333334, 0.003221058752387762
556, 0.23333333333333334
557, 0.23333333333333334, 0.004343860782682896
558, 0.23333333333333334
559, 0.23333333333333334
560, 0.26666666666666666
561, 0.26666666666666666
562, 0.26666666666666666
563, 0.23333333333333334
564, 0.23333333333333334
565, 0.23333333333333334
566, 0.23333333333333334
567, 0.23333333333333334
568, 0.16666666666666666
569, 0.16666666666666666
570, 0.16666666666666666, 0.005034786649048328
571, 0.1
572, 0.1
573, 0.1
574, 0.1, 0.00404734443873167
575, 0.1
576, 0.1, 0.0022186976857483387
577, 0.1
578, 0.1
579, 0.1
580, 0.06666666666666667
581, 0.06666666666666667
582, 0.06666666666666667, 0.0016321209259331226
583, 0.1
584, 0.13333333333333333
585, 0.13333333333333333
586, 0.13333333333333333, 0.0020031826570630074
587, 0.13333333333333333
588, 0.13333333333333333, 0.0036161772441118956
589, 0.16666666666666666
590, 0.13333333333333333, 0.0033964919857680798
591, 0.13333333333333333
592, 0.13333333333333333
593, 0.13333333333333333
594, 0.13333333333333333
595, 0.13333333333333333
596, 0.16666666666666666, 0.005146108567714691
597, 0.16666666666666666
598, 0.16666666666666666
599, 0.16666666666666666
600, 0.16666666666666666, 0.021751876920461655
601, 0.16666666666666666
602, 0.16666666666666666
603, 0.16666666666666666
604, 0.16666666666666666
605, 0.16666666666666666
606, 0.16666666666666666, 0.001971789635717869
607, 0.16666666666666666
608, 0.2, 0.00302528846077621
609, 0.2
610, 0.23333333333333334, 0.004121384583413601
611, 0.23333333333333334
612, 0.23333333333333334, 0.0013971778098493814
613, 0.2
614, 0.16666666666666666
615, 0.16666666666666666
616, 0.16666666666666666, 0.006134643219411373
617, 0.2
618, 0.2, 0.0036427704617381096
619, 0.16666666666666666
620, 0.16666666666666666
621, 0.2
622, 0.2
623, 0.2
624, 0.2, 0.00598718598484993
625, 0.16666666666666666
626, 0.13333333333333333
627, 0.13333333333333333
628, 0.13333333333333333, 0.005803099367767572
629, 0.13333333333333333
630, 0.13333333333333333
631, 0.13333333333333333
632, 0.13333333333333333, 0.007351343519985676
633, 0.13333333333333333
634, 0.13333333333333333
635, 0.13333333333333333
636, 0.13333333333333333, 0.008902238681912422
637, 0.13333333333333333
638, 0.1, 0.0047323936596512794
639, 0.1
640, 0.06666666666666667
641, 0.06666666666666667
642, 0.06666666666666667
643, 0.1
644, 0.1, 0.003910768311470747
645, 0.1
646, 0.1
647, 0.06666666666666667
648, 0.1
649, 0.13333333333333333
650, 0.26666666666666666
651, 0.23333333333333334, 0.003940915688872337
652, 0.23333333333333334
653, 0.23333333333333334
654, 0.23333333333333334
655, 0.23333333333333334, 0.003860101569443941
656, 0.23333333333333334
657, 0.3
658, 0.3, 0.005674809217453003
659, 0.3
660, 0.3
661, 0.3
662, 0.3, 0.001297500217333436
663, 0.3
664, 0.3
665, 0.3
666, 0.3
667, 0.3
668, 0.3, 0.004650313872843981
669, 0.3
670, 0.36666666666666664
671, 0.4
672, 0.4
673, 0.36666666666666664
674, 0.36666666666666664, 0.0035959279630333185
675, 0.4
676, 0.4
677, 0.4
678, 0.4
679, 0.4
680, 0.26666666666666666, 0.00588635541498661
681, 0.26666666666666666
682, 0.26666666666666666
683, 0.26666666666666666
684, 0.26666666666666666, 0.0035496926866471767
685, 0.26666666666666666
686, 0.26666666666666666
687, 0.2
688, 0.23333333333333334, 0.0056542083621025085
689, 0.23333333333333334
690, 0.23333333333333334
691, 0.3333333333333333
692, 0.3333333333333333
693, 0.3333333333333333, 0.002486469689756632
694, 0.3333333333333333
695, 0.3333333333333333
696, 0.3333333333333333
697, 0.3333333333333333
698, 0.3333333333333333
699, 0.3333333333333333, 0.0013187268050387502
700, 0.26666666666666666
701, 0.23333333333333334, 0.004574862774461508
702, 0.23333333333333334
703, 0.23333333333333334
704, 0.23333333333333334
705, 0.2, 0.0014206672785803676
706, 0.2
707, 0.2, 0.00492051849141717
708, 0.16666666666666666
709, 0.13333333333333333, 0.005336214788258076
710, 0.13333333333333333
711, 0.16666666666666666
712, 0.16666666666666666
713, 0.16666666666666666
714, 0.16666666666666666
715, 0.16666666666666666, 0.010535424575209618
716, 0.16666666666666666
717, 0.16666666666666666, 0.003072332823649049
718, 0.13333333333333333
719, 0.16666666666666666, 0.0019503779476508498
720, 0.16666666666666666
721, 0.1
722, 0.1
723, 0.13333333333333333
724, 0.13333333333333333
725, 0.13333333333333333
726, 0.13333333333333333, 0.0026809400878846645
727, 0.13333333333333333
728, 0.13333333333333333
729, 0.13333333333333333
730, 0.13333333333333333, 0.0032495344057679176
731, 0.16666666666666666
732, 0.16666666666666666, 0.0061493837274611
733, 0.16666666666666666
734, 0.16666666666666666, 0.003083157818764448
735, 0.2
736, 0.2, 0.0024848352186381817
737, 0.23333333333333334
738, 0.3, 0.001537725911475718
739, 0.3
740, 0.3, 0.002206997713074088
741, 0.3
742, 0.3
743, 0.3
744, 0.3, 0.003990701399743557
745, 0.3333333333333333
746, 0.3333333333333333, 0.012396588921546936
747, 0.3333333333333333
748, 0.3333333333333333, 0.010083007626235485
749, 0.3
750, 0.3
751, 0.3
752, 0.3
753, 0.3
754, 0.3
755, 0.3, 0.0026048545259982347
756, 0.3
757, 0.3, 0.0020859946962445974
758, 0.3
759, 0.3
760, 0.3
761, 0.26666666666666666
762, 0.26666666666666666
763, 0.26666666666666666
764, 0.3, 0.0041948771104216576
765, 0.3
766, 0.3, 0.0021489597856998444
767, 0.26666666666666666
768, 0.2, 0.0036255368031561375
769, 0.23333333333333334, 0.00772789167240262
770, 0.3
771, 0.3
772, 0.3, 0.004833693616092205
773, 0.3
774, 0.3
775, 0.26666666666666666
776, 0.26666666666666666, 0.004104298539459705
777, 0.3
778, 0.3
779, 0.3
780, 0.3, 0.002976106945425272
781, 0.3, 0.002209562575444579
782, 0.3333333333333333
783, 0.3333333333333333
784, 0.3333333333333333, 0.0033232527785003185
785, 0.3333333333333333
786, 0.36666666666666664, 0.0015070547815412283
787, 0.36666666666666664
788, 0.36666666666666664, 0.003866927232593298
789, 0.36666666666666664
790, 0.4
791, 0.4
792, 0.4
793, 0.4, 0.006385724991559982
794, 0.36666666666666664
795, 0.4
796, 0.4
797, 0.4
798, 0.43333333333333335
799, 0.4, 0.0029558567330241203
800, 0.3333333333333333
801, 0.3
802, 0.3
803, 0.36666666666666664
804, 0.36666666666666664
805, 0.36666666666666664
806, 0.43333333333333335, 0.0018765255808830261
807, 0.4
808, 0.43333333333333335, 0.0024257637560367584
809, 0.43333333333333335
810, 0.43333333333333335
811, 0.4
812, 0.36666666666666664, 0.009211253374814987
813, 0.3333333333333333
814, 0.3333333333333333
815, 0.3333333333333333
816, 0.3333333333333333
817, 0.3333333333333333
818, 0.3333333333333333
819, 0.3333333333333333
820, 0.3, 0.002412132453173399
821, 0.36666666666666664, 0.00406205840408802
822, 0.36666666666666664
823, 0.36666666666666664
824, 0.36666666666666664
825, 0.3, 0.0026547228917479515
826, 0.3333333333333333
827, 0.3333333333333333
828, 0.3
829, 0.3, 0.0022679204121232033
830, 0.3
831, 0.3
832, 0.3
833, 0.23333333333333334, 0.005739021115005016
834, 0.23333333333333334
835, 0.23333333333333334
836, 0.16666666666666666
837, 0.16666666666666666, 0.003246721811592579
838, 0.13333333333333333
839, 0.13333333333333333
840, 0.13333333333333333
841, 0.13333333333333333, 0.0019853864796459675
842, 0.13333333333333333
843, 0.13333333333333333
844, 0.16666666666666666
845, 0.2
846, 0.16666666666666666
847, 0.2
848, 0.23333333333333334, 0.00247070100158453
849, 0.23333333333333334
850, 0.23333333333333334
851, 0.16666666666666666
852, 0.16666666666666666
853, 0.16666666666666666
854, 0.16666666666666666
855, 0.16666666666666666
856, 0.13333333333333333
857, 0.16666666666666666
858, 0.16666666666666666
859, 0.16666666666666666
860, 0.16666666666666666
861, 0.16666666666666666
862, 0.16666666666666666, 0.004551559220999479
863, 0.16666666666666666
864, 0.16666666666666666, 0.004772897809743881
865, 0.16666666666666666
866, 0.16666666666666666
867, 0.16666666666666666
868, 0.16666666666666666, 0.006095722783356905
869, 0.16666666666666666
870, 0.2, 0.006422265432775021
871, 0.26666666666666666, 0.0037386049516499043
872, 0.26666666666666666
873, 0.26666666666666666
874, 0.23333333333333334
875, 0.2
876, 0.23333333333333334, 0.006087161600589752
877, 0.23333333333333334
878, 0.2, 0.0016111389268189669
879, 0.23333333333333334
880, 0.23333333333333334
881, 0.26666666666666666, 0.005231624934822321
882, 0.3333333333333333
883, 0.3333333333333333
884, 0.3333333333333333, 0.005829730536788702
885, 0.3333333333333333
886, 0.43333333333333335
887, 0.4
888, 0.4
889, 0.43333333333333335
890, 0.43333333333333335
891, 0.43333333333333335, 0.005392912775278091
892, 0.43333333333333335
893, 0.43333333333333335, 0.004070871509611607
894, 0.43333333333333335
895, 0.43333333333333335
896, 0.4666666666666667
897, 0.4666666666666667, 0.003630625084042549
898, 0.4666666666666667
899, 0.5
900, 0.4666666666666667, 0.002528224606066942
901, 0.43333333333333335
902, 0.43333333333333335
903, 0.43333333333333335
904, 0.43333333333333335, 0.001937668421305716
905, 0.43333333333333335
906, 0.4
907, 0.36666666666666664
908, 0.43333333333333335
909, 0.43333333333333335, 0.0041840896010398865
910, 0.43333333333333335
911, 0.4
912, 0.4
913, 0.4
914, 0.4
915, 0.4
916, 0.3
917, 0.3
918, 0.3
919, 0.26666666666666666, 0.006311602890491486
920, 0.26666666666666666
921, 0.26666666666666666, 0.006384212523698807
922, 0.3
923, 0.3
924, 0.3
925, 0.36666666666666664
926, 0.36666666666666664
927, 0.36666666666666664
928, 0.36666666666666664, 0.006394399330019951
929, 0.36666666666666664, 0.0023093679919838905
930, 0.36666666666666664
931, 0.3333333333333333
932, 0.36666666666666664
933, 0.36666666666666664, 0.0067811389453709126
934, 0.36666666666666664
935, 0.36666666666666664
936, 0.36666666666666664
937, 0.36666666666666664
938, 0.3
939, 0.26666666666666666
940, 0.26666666666666666
941, 0.26666666666666666
942, 0.2
943, 0.2, 0.0027039863634854555
944, 0.2
945, 0.2
946, 0.2
947, 0.23333333333333334
948, 0.23333333333333334
949, 0.23333333333333334, 0.0027467438485473394
950, 0.23333333333333334
951, 0.23333333333333334
952, 0.26666666666666666, 0.0017642953898757696
953, 0.26666666666666666
954, 0.3
955, 0.23333333333333334
956, 0.2
957, 0.2, 0.0027013830840587616
958, 0.2
959, 0.3
960, 0.3
961, 0.3, 0.0020242733880877495
962, 0.26666666666666666
963, 0.26666666666666666, 0.0027697982732206583
964, 0.26666666666666666
965, 0.26666666666666666
966, 0.3
967, 0.3333333333333333
968, 0.3333333333333333
969, 0.3333333333333333
970, 0.3333333333333333, 0.004577472805976868
971, 0.3333333333333333
972, 0.36666666666666664, 0.015720758587121964
973, 0.36666666666666664
974, 0.36666666666666664, 0.002968764863908291
975, 0.36666666666666664
976, 0.43333333333333335
977, 0.4, 0.005657317116856575
978, 0.4
979, 0.4
980, 0.4
981, 0.4, 0.00668703205883503
982, 0.3333333333333333
983, 0.3333333333333333
984, 0.3
985, 0.3333333333333333, 0.004268527030944824
986, 0.3333333333333333
987, 0.3333333333333333, 0.006574730388820171
988, 0.3333333333333333
989, 0.2
990, 0.2
991, 0.26666666666666666
992, 0.26666666666666666, 0.002773647429421544
993, 0.26666666666666666
994, 0.26666666666666666
995, 0.26666666666666666
996, 0.26666666666666666
997, 0.3
998, 0.3
999, 0.3
1000, 0.3
1001, 0.3, 0.002080371603369713
1002, 0.26666666666666666
1003, 0.3
1004, 0.3
1005, 0.36666666666666664
1006, 0.36666666666666664, 0.0031645172275602818
1007, 0.36666666666666664
1008, 0.4
1009, 0.43333333333333335
1010, 0.43333333333333335
1011, 0.43333333333333335, 0.004807545803487301
1012, 0.4666666666666667
1013, 0.5
1014, 0.5, 0.002970595844089985
1015, 0.4666666666666667
1016, 0.4666666666666667
1017, 0.5
1018, 0.5
1019, 0.5
1020, 0.5, 0.010333037003874779
1021, 0.43333333333333335
1022, 0.43333333333333335
1023, 0.4666666666666667, 0.004986600950360298
1024, 0.4666666666666667
1025, 0.4666666666666667
1026, 0.4666666666666667
1027, 0.4
1028, 0.4
1029, 0.4
1030, 0.4
1031, 0.43333333333333335
1032, 0.4666666666666667
1033, 0.4666666666666667
1034, 0.5
1035, 0.4666666666666667, 0.002926050452515483
1036, 0.4
1037, 0.43333333333333335
1038, 0.4, 0.004103965125977993
1039, 0.36666666666666664
1040, 0.4, 0.003970013000071049
1041, 0.4
1042, 0.4, 0.003152444725856185
1043, 0.4, 0.005456366576254368
1044, 0.43333333333333335
1045, 0.43333333333333335
1046, 0.43333333333333335
1047, 0.4, 0.0027632522396743298
1048, 0.43333333333333335
1049, 0.5
1050, 0.5
1051, 0.5
1052, 0.5666666666666667, 0.006337808445096016
1053, 0.5666666666666667
1054, 0.5666666666666667
1055, 0.6, 0.0032751928083598614
1056, 0.5666666666666667
1057, 0.6
1058, 0.6
1059, 0.6, 0.0020471401512622833
1060, 0.6
1061, 0.5666666666666667
1062, 0.5333333333333333
1063, 0.5
1064, 0.4666666666666667
1065, 0.43333333333333335, 0.00785838719457388
1066, 0.43333333333333335
1067, 0.4666666666666667
1068, 0.4666666666666667, 0.002822329755872488
1069, 0.4666666666666667
1070, 0.4666666666666667
1071, 0.4666666666666667
1072, 0.43333333333333335
1073, 0.4666666666666667
1074, 0.43333333333333335
1075, 0.5
1076, 0.5
1077, 0.5333333333333333
1078, 0.5, 0.0034986212849617004
1079, 0.43333333333333335
1080, 0.4666666666666667, 0.0029422957450151443
1081, 0.4666666666666667
1082, 0.4
1083, 0.36666666666666664
1084, 0.36666666666666664, 0.0029418054036796093
1085, 0.3333333333333333
1086, 0.3333333333333333, 0.011133162304759026
1087, 0.3
1088, 0.3, 0.005456842482089996
1089, 0.3
1090, 0.3
1091, 0.36666666666666664, 0.010089979507029057
1092, 0.36666666666666664
1093, 0.4
1094, 0.43333333333333335
1095, 0.5
1096, 0.5
1097, 0.43333333333333335, 0.0018463821616023779
1098, 0.43333333333333335
1099, 0.43333333333333335
1100, 0.43333333333333335
1101, 0.5
1102, 0.5666666666666667
1103, 0.5333333333333333
1104, 0.5333333333333333, 0.0024708863347768784
1105, 0.5
1106, 0.5, 0.004104018211364746
1107, 0.4666666666666667
1108, 0.5
1109, 0.5333333333333333
1110, 0.5
1111, 0.5666666666666667
1112, 0.5666666666666667, 0.003100988455116749
1113, 0.6, 0.001513762166723609
1114, 0.6
1115, 0.6, 0.00633707270026207
1116, 0.6
1117, 0.6333333333333333, 0.010481668636202812
1118, 0.6333333333333333
1119, 0.6666666666666666
1120, 0.6666666666666666
1121, 0.6333333333333333, 0.00826975330710411
1122, 0.6333333333333333
1123, 0.6
1124, 0.5666666666666667
1125, 0.5, 0.013688607141375542
1126, 0.5
1127, 0.5, 0.002883005188778043
1128, 0.5
1129, 0.5, 0.0025802217423915863
1130, 0.4666666666666667
1131, 0.43333333333333335
1132, 0.36666666666666664
1133, 0.36666666666666664, 0.003342717420309782
1134, 0.4
1135, 0.4, 0.0031321437563747168
1136, 0.4666666666666667
1137, 0.4666666666666667, 0.007016767747700214
1138, 0.5
1139, 0.4666666666666667
1140, 0.5, 0.0033350102603435516
1141, 0.4666666666666667
1142, 0.4666666666666667, 0.001940895919688046
1143, 0.43333333333333335
1144, 0.43333333333333335
1145, 0.43333333333333335
1146, 0.43333333333333335, 0.002876564860343933
1147, 0.43333333333333335
1148, 0.43333333333333335
1149, 0.4
1150, 0.43333333333333335
1151, 0.43333333333333335
1152, 0.43333333333333335
1153, 0.43333333333333335, 0.004952063784003258
1154, 0.43333333333333335
1155, 0.4666666666666667
1156, 0.4666666666666667
1157, 0.5
1158, 0.5333333333333333, 0.009588632732629776
1159, 0.5333333333333333
1160, 0.5333333333333333
1161, 0.5
1162, 0.5, 0.007572836708277464
1163, 0.4666666666666667
1164, 0.4666666666666667, 0.0029375003650784492
1165, 0.43333333333333335
1166, 0.36666666666666664
1167, 0.4
1168, 0.36666666666666664
1169, 0.36666666666666664
1170, 0.3333333333333333
1171, 0.3, 0.009492145851254463
1172, 0.3
1173, 0.3333333333333333, 0.0037640146911144257
1174, 0.4666666666666667
1175, 0.4666666666666667
1176, 0.5
1177, 0.5333333333333333
1178, 0.5333333333333333, 0.004838845226913691
1179, 0.5333333333333333
1180, 0.5333333333333333
1181, 0.5666666666666667, 0.02007012441754341
1182, 0.5666666666666667
1183, 0.6
1184, 0.6
1185, 0.5666666666666667
1186, 0.6333333333333333
1187, 0.6333333333333333
1188, 0.6
1189, 0.6666666666666666
1190, 0.7
1191, 0.7, 0.01828259974718094
1192, 0.7
1193, 0.7
1194, 0.7
1195, 0.7, 0.0034122015349566936
1196, 0.7
1197, 0.7
1198, 0.6666666666666666
1199, 0.7, 0.006900041829794645
1200, 0.7666666666666667
1201, 0.7666666666666667, 0.005768982693552971
1202, 0.7666666666666667
1203, 0.7333333333333333
1204, 0.6
1205, 0.6666666666666666
1206, 0.6666666666666666
1207, 0.6
1208, 0.6333333333333333
1209, 0.6666666666666666
1210, 0.7, 0.006554136984050274
1211, 0.6666666666666666
1212, 0.6666666666666666
1213, 0.6333333333333333, 0.010841467417776585
1214, 0.6333333333333333
1215, 0.6333333333333333
1216, 0.5666666666666667
1217, 0.6
1218, 0.6, 0.011537609621882439
1219, 0.5666666666666667
1220, 0.6666666666666666
1221, 0.7
1222, 0.7333333333333333
1223, 0.7666666666666667
1224, 0.7333333333333333, 0.020517311990261078
1225, 0.7333333333333333
1226, 0.7333333333333333
1227, 0.7666666666666667
1228, 0.7666666666666667
1229, 0.8, 0.007662964519113302
1230, 0.7333333333333333
1231, 0.7333333333333333, 0.007495064288377762
1232, 0.7666666666666667, 0.0062772654928267
1233, 0.8333333333333334, 0.0028434554114937782
1234, 0.8333333333333334
1235, 0.8333333333333334
1236, 0.8333333333333334
1237, 0.8333333333333334
1238, 0.8
1239, 0.8
1240, 0.7333333333333333, 0.008713994175195694
1241, 0.7
1242, 0.7666666666666667
1243, 0.8, 0.026905817911028862
1244, 0.8
1245, 0.8333333333333334, 0.010221431031823158
1246, 0.8666666666666667
1247, 0.8666666666666667, 0.028981445357203484
1248, 0.8666666666666667
1249, 0.8333333333333334
1250, 0.8333333333333334, 0.005929217673838139
1251, 0.8
1252, 0.8
1253, 0.7666666666666667
1254, 0.7666666666666667
1255, 0.8333333333333334, 0.011889016255736351
1256, 0.8666666666666667
1257, 0.8333333333333334, 0.00453219935297966
1258, 0.8333333333333334
1259, 0.8
1260, 0.8666666666666667
1261, 0.9
1262, 0.8666666666666667
1263, 0.8333333333333334
1264, 0.8333333333333334
1265, 0.8
1266, 0.8
1267, 0.8
1268, 0.8333333333333334
1269, 0.8666666666666667, 0.0021895940881222486
1270, 0.8666666666666667
1271, 0.9
1272, 0.8333333333333334
1273, 0.8333333333333334
1274, 0.8666666666666667, 0.005235518794506788
1275, 0.8666666666666667
1276, 0.8666666666666667
1277, 0.8
1278, 0.8
1279, 0.8
1280, 0.6666666666666666, 0.0035952511243522167
1281, 0.6666666666666666
1282, 0.6666666666666666, 0.0041909352876245975
1283, 0.7333333333333333
1284, 0.7666666666666667
1285, 0.7333333333333333
1286, 0.7333333333333333
1287, 0.7, 0.02554929256439209
1288, 0.7
1289, 0.6666666666666666, 0.006915530189871788
1290, 0.6
1291, 0.5666666666666667
1292, 0.5666666666666667
1293, 0.5666666666666667
1294, 0.5666666666666667, 0.011792058125138283
1295, 0.5666666666666667
1296, 0.5666666666666667
1297, 0.5666666666666667
1298, 0.5333333333333333
1299, 0.4666666666666667
1300, 0.5
1301, 0.4666666666666667
1302, 0.4666666666666667
1303, 0.43333333333333335
1304, 0.4
1305, 0.4
1306, 0.4
1307, 0.4
1308, 0.4, 0.0034863841719925404
1309, 0.5
1310, 0.5
1311, 0.5, 0.006979638710618019
1312, 0.4666666666666667
1313, 0.4, 0.02777242660522461
1314, 0.4
1315, 0.36666666666666664
1316, 0.3333333333333333
1317, 0.3333333333333333, 0.009672357700765133
1318, 0.3333333333333333
1319, 0.36666666666666664
1320, 0.36666666666666664, 0.005351748317480087
1321, 0.4
1322, 0.43333333333333335, 0.008040472865104675
1323, 0.43333333333333335
1324, 0.43333333333333335
1325, 0.43333333333333335
1326, 0.4, 0.004221329465508461
1327, 0.43333333333333335
1328, 0.43333333333333335
1329, 0.5
1330, 0.4666666666666667
1331, 0.4666666666666667
1332, 0.4666666666666667, 0.036665141582489014
1333, 0.5333333333333333
1334, 0.5333333333333333
1335, 0.5666666666666667, 0.00443071685731411
1336, 0.5666666666666667
1337, 0.5666666666666667
1338, 0.5666666666666667
1339, 0.6333333333333333
1340, 0.6666666666666666, 0.005891483277082443
1341, 0.6666666666666666
1342, 0.7, 0.003810810623690486
1343, 0.7
1344, 0.7
1345, 0.7333333333333333
1346, 0.7666666666666667
1347, 0.8
1348, 0.8, 0.003286233637481928
1349, 0.8
1350, 0.8
1351, 0.8
1352, 0.7666666666666667, 0.016363289207220078
1353, 0.7333333333333333
1354, 0.7666666666666667
1355, 0.7333333333333333
1356, 0.7333333333333333, 0.01124555803835392
1357, 0.7
1358, 0.7, 0.01344791054725647
1359, 0.6333333333333333
1360, 0.6333333333333333
1361, 0.6333333333333333
1362, 0.6666666666666666
1363, 0.6
1364, 0.6
1365, 0.5333333333333333
1366, 0.5, 0.013522732071578503
1367, 0.5333333333333333
1368, 0.5333333333333333, 0.009973937645554543
1369, 0.43333333333333335, 0.005416523665189743
1370, 0.4666666666666667, 0.008053519763052464
1371, 0.5
1372, 0.4666666666666667, 0.003523858031257987
1373, 0.5
1374, 0.5
1375, 0.4666666666666667
1376, 0.4666666666666667
1377, 0.4666666666666667
1378, 0.5
1379, 0.5, 0.015577869489789009
1380, 0.5333333333333333, 0.01060268934816122
1381, 0.5666666666666667, 0.009420506656169891
1382, 0.6, 0.004390152171254158
1383, 0.6
1384, 0.6
1385, 0.7
1386, 0.7
1387, 0.7333333333333333
1388, 0.7333333333333333, 0.00411690678447485
1389, 0.7333333333333333
1390, 0.7333333333333333
1391, 0.7666666666666667
1392, 0.7333333333333333, 0.014820735901594162
1393, 0.7666666666666667
1394, 0.7666666666666667, 0.012681812047958374
1395, 0.7666666666666667
1396, 0.7666666666666667
1397, 0.8333333333333334, 0.009635169059038162
1398, 0.8333333333333334
1399, 0.7666666666666667
1400, 0.7333333333333333
1401, 0.7, 0.0046082716435194016
1402, 0.7666666666666667, 0.008700159378349781
1403, 0.8, 0.011320451274514198
1404, 0.7666666666666667
1405, 0.7666666666666667
1406, 0.7666666666666667, 0.019834375008940697
1407, 0.7666666666666667, 0.015357858501374722
1408, 0.7333333333333333
1409, 0.7
1410, 0.6666666666666666
1411, 0.6, 0.017687076702713966
1412, 0.5666666666666667
1413, 0.5666666666666667
1414, 0.5333333333333333
1415, 0.43333333333333335, 0.004840807057917118
1416, 0.43333333333333335
1417, 0.4
1418, 0.4
1419, 0.43333333333333335, 0.0222356878221035
1420, 0.4666666666666667, 0.0373978465795517
1421, 0.43333333333333335
1422, 0.4666666666666667
1423, 0.43333333333333335
1424, 0.5
1425, 0.5666666666666667
1426, 0.6333333333333333, 0.01251985877752304
1427, 0.6
1428, 0.6333333333333333
1429, 0.7
1430, 0.6666666666666666, 0.02868262492120266
1431, 0.7
1432, 0.6333333333333333
1433, 0.5666666666666667
1434, 0.5666666666666667, 0.013332677073776722
1435, 0.6333333333333333
1436, 0.6333333333333333
1437, 0.6, 0.044027626514434814
1438, 0.6333333333333333, 0.005669548176229
1439, 0.6333333333333333
1440, 0.6333333333333333
1441, 0.7, 0.009995303116738796
1442, 0.7666666666666667, 0.02212604507803917
1443, 0.7666666666666667
1444, 0.7666666666666667, 0.0047426987439394
1445, 0.7666666666666667
1446, 0.8
1447, 0.8333333333333334
1448, 0.8666666666666667
1449, 0.8666666666666667
1450, 0.9
1451, 0.9333333333333333, 0.010587204247713089
1452, 0.9333333333333333
1453, 0.9666666666666667
1454, 0.9333333333333333
1455, 0.9
1456, 0.8666666666666667
1457, 0.8666666666666667
1458, 0.8666666666666667
1459, 0.8, 0.03771335259079933
1460, 0.9
1461, 0.9666666666666667
1462, 0.9666666666666667
1463, 1.0666666666666667
1464, 1.1, 0.006514373235404491
1465, 1.0333333333333334
1466, 1.0666666666666667
1467, 1.1333333333333333
1468, 1.1, 0.008617652580142021
1469, 1.1333333333333333, 0.007604352198541164
1470, 1.1333333333333333
1471, 1.1, 0.008896103128790855
1472, 1.0666666666666667
1473, 1.1666666666666667
1474, 1.1666666666666667, 0.0059768203645944595
1475, 1.2333333333333334, 0.015541027300059795
1476, 1.3
1477, 1.3
1478, 1.3333333333333333
1479, 1.4
1480, 1.3333333333333333
1481, 1.3
1482, 1.3
1483, 1.3, 0.0238556656986475
1484, 1.2666666666666666
1485, 1.2333333333333334
1486, 1.2
1487, 1.1333333333333333, 0.011840449646115303
1488, 1.1
1489, 1.1666666666666667, 0.011782849207520485
1490, 1.1
1491, 1.0666666666666667, 0.013116810470819473
1492, 1.1333333333333333
1493, 1.1
1494, 1.1, 0.017140422016382217
1495, 1.1666666666666667, 0.006828323006629944
1496, 1.1333333333333333
1497, 1.0666666666666667, 0.03036789409816265
1498, 1.1, 0.06060098111629486
1499, 1.1
1500, 1.1
1501, 1.1
1502, 1.2
1503, 1.1
1504, 1.1
1505, 1.0333333333333334, 0.06158396601676941
1506, 0.9666666666666667
1507, 0.9666666666666667
1508, 1.0333333333333334
1509, 0.9666666666666667
1510, 1.0666666666666667
1511, 1.0666666666666667, 0.029274752363562584
1512, 1.0666666666666667, 0.02582740969955921
1513, 1.0666666666666667
1514, 1.1
1515, 1.1
1516, 1.1333333333333333
1517, 1.1333333333333333, 0.011229152791202068
1518, 1.1666666666666667
1519, 1.1, 0.028448056429624557
1520, 1.1
1521, 1.0666666666666667
1522, 1.0333333333333334, 0.01582176238298416
1523, 0.9666666666666667
1524, 0.9666666666666667
1525, 0.9333333333333333
1526, 0.9
1527, 0.9666666666666667
1528, 1.0
1529, 1.0333333333333334
1530, 1.0333333333333334
1531, 1.0666666666666667
1532, 1.0
1533, 1.0
1534, 1.0333333333333334, 0.00769219733774662
1535, 1.0333333333333334
1536, 1.0333333333333334
1537, 1.0
1538, 0.8666666666666667, 0.02553604729473591
1539, 0.8333333333333334
1540, 0.8
1541, 1.0, 0.02968965843319893
1542, 1.0666666666666667
1543, 1.1
1544, 1.0666666666666667
1545, 1.0666666666666667, 0.023678045719861984
1546, 1.0333333333333334
1547, 1.0666666666666667
1548, 1.0333333333333334
1549, 1.0666666666666667
1550, 1.0666666666666667
1551, 1.0666666666666667
1552, 1.1
1553, 1.1333333333333333
1554, 1.1
1555, 1.0666666666666667
1556, 1.0666666666666667, 0.016625184565782547
1557, 1.0
1558, 0.9333333333333333, 0.0076429275795817375
1559, 0.8666666666666667
1560, 0.8666666666666667
1561, 0.8
1562, 0.8
1563, 0.8
1564, 0.7666666666666667
1565, 0.8
1566, 0.7666666666666667, 0.019573669880628586
1567, 0.7666666666666667
1568, 0.8333333333333334
1569, 0.8333333333333334
1570, 0.8333333333333334
1571, 0.6333333333333333
1572, 0.5333333333333333
1573, 0.5
1574, 0.5
1575, 0.5666666666666667, 0.015682552009820938
1576, 0.5666666666666667
1577, 0.6333333333333333, 0.02311326563358307
1578, 0.6333333333333333
1579, 0.6
1580, 0.5666666666666667
1581, 0.5333333333333333
1582, 0.4666666666666667
1583, 0.43333333333333335
1584, 0.43333333333333335
1585, 0.43333333333333335, 0.016338199377059937
1586, 0.5
1587, 0.5333333333333333
1588, 0.5666666666666667
1589, 0.6
1590, 0.6666666666666666, 0.013318561017513275
1591, 0.7, 0.01488352008163929
1592, 0.6666666666666666
1593, 0.6666666666666666, 0.009709648787975311
1594, 0.7
1595, 0.7666666666666667, 0.03658683970570564
1596, 0.8
1597, 0.8
1598, 0.7333333333333333, 0.01486310176551342
1599, 0.7666666666666667
1600, 0.7
1601, 0.7666666666666667
1602, 0.7666666666666667
1603, 0.7333333333333333
1604, 0.7666666666666667
1605, 0.7
1606, 0.7, 0.049081943929195404
1607, 0.6333333333333333
1608, 0.6666666666666666
1609, 0.7333333333333333
1610, 0.8
1611, 0.8333333333333334, 0.0242826696485281
1612, 0.8666666666666667
1613, 0.9333333333333333
1614, 0.9333333333333333, 0.01226099207997322
1615, 0.9333333333333333
1616, 1.0, 0.022769447416067123
1617, 0.9666666666666667
1618, 0.9333333333333333
1619, 0.9
1620, 0.8333333333333334, 0.00929447915405035
1621, 0.8333333333333334
1622, 0.8
1623, 0.8333333333333334
1624, 0.8
1625, 0.7333333333333333
1626, 0.7666666666666667
1627, 0.8333333333333334
1628, 0.8666666666666667
1629, 0.8333333333333334
1630, 0.8666666666666667
1631, 0.8
1632, 0.8, 0.01929033175110817
1633, 0.8666666666666667
1634, 0.8333333333333334, 0.024196915328502655
1635, 0.9
1636, 0.9333333333333333, 0.01731868088245392
1637, 0.9
1638, 0.9666666666666667
1639, 0.9666666666666667
1640, 0.9
1641, 0.8666666666666667, 0.011266054585576057
1642, 0.8333333333333334
1643, 0.8
1644, 0.8, 0.009135417640209198
1645, 0.8333333333333334, 0.02546706423163414
1646, 0.7
1647, 0.7333333333333333
1648, 0.7333333333333333
1649, 0.8, 0.04103401303291321
1650, 0.8
1651, 0.7666666666666667
1652, 0.7666666666666667
1653, 0.8666666666666667
1654, 0.8666666666666667
1655, 0.9
1656, 0.9333333333333333
1657, 0.9
1658, 0.8666666666666667, 0.007913144305348396
1659, 0.9333333333333333, 0.03969968855381012
1660, 0.9333333333333333
1661, 0.9333333333333333, 0.018374215811491013
1662, 0.9333333333333333
1663, 0.9
1664, 0.9333333333333333
1665, 0.8666666666666667
1666, 0.9
1667, 0.9
1668, 0.8
1669, 0.7333333333333333
1670, 0.8, 0.023158296942710876
1671, 0.8
1672, 0.8, 0.013429282233119011
1673, 0.7666666666666667
1674, 0.9333333333333333
1675, 0.9, 0.014587800949811935
1676, 0.9
1677, 0.9333333333333333, 0.01334153488278389
1678, 0.9333333333333333
1679, 0.8666666666666667, 0.0063008773140609264
1680, 0.9333333333333333, 0.012307322584092617
1681, 0.9333333333333333
1682, 0.9333333333333333, 0.024079814553260803
1683, 0.8333333333333334
1684, 0.8666666666666667, 0.006817313842475414
1685, 0.8666666666666667, 0.01545599102973938
1686, 0.8
1687, 0.8, 0.0279526486992836
1688, 0.8
1689, 0.7333333333333333, 0.015700839459896088
1690, 0.8
1691, 0.8666666666666667
1692, 0.9333333333333333
1693, 1.0333333333333334, 0.01435648649930954
1694, 1.0333333333333334
1695, 1.0333333333333334
1696, 0.9666666666666667
1697, 1.0
1698, 1.0, 0.01710601896047592
1699, 1.0
1700, 0.9333333333333333
1701, 0.9666666666666667
1702, 1.0666666666666667
1703, 1.0666666666666667
1704, 0.9, 0.01625477336347103
1705, 0.9
1706, 0.9666666666666667
1707, 0.9, 0.07348424196243286
1708, 0.9333333333333333
1709, 0.9333333333333333
1710, 1.0666666666666667
1711, 1.0666666666666667
1712, 1.1
1713, 1.1
1714, 1.0666666666666667, 0.03852429986000061
1715, 1.0
1716, 1.0
1717, 0.9666666666666667
1718, 0.9666666666666667, 0.0464496836066246
1719, 1.0, 0.013298828154802322
1720, 0.9
1721, 0.9333333333333333
1722, 0.8666666666666667
1723, 0.7666666666666667
1724, 0.7333333333333333, 0.06185714900493622
1725, 0.7333333333333333
1726, 0.8
1727, 0.8333333333333334
1728, 0.8666666666666667
1729, 0.9
1730, 0.9333333333333333, 0.01725723221898079
1731, 0.9
1732, 0.8333333333333334
1733, 0.9
1734, 1.0, 0.006609807256609201
1735, 1.0333333333333334
1736, 0.9666666666666667, 0.014656051993370056
1737, 0.9666666666666667
1738, 0.9333333333333333
1739, 0.9666666666666667
1740, 0.7666666666666667, 0.01935194618999958
1741, 0.8333333333333334
1742, 0.8
1743, 0.7666666666666667
1744, 0.8333333333333334
1745, 0.8333333333333334
1746, 0.8
1747, 0.8, 0.01171199046075344
1748, 0.8333333333333334
1749, 0.8
1750, 0.8
1751, 0.7333333333333333
1752, 0.8
1753, 0.7666666666666667
1754, 0.8
1755, 0.8666666666666667, 0.006396638695150614
1756, 0.8
1757, 0.8333333333333334
1758, 0.8333333333333334
1759, 0.8333333333333334, 0.03803578391671181
1760, 0.8333333333333334
1761, 0.9
1762, 0.9
1763, 0.9333333333333333, 0.05676820129156113
1764, 1.0, 0.019685517996549606
1765, 1.0, 0.01134213525801897
1766, 1.0333333333333334, 0.02519727684557438
1767, 1.0666666666666667
1768, 1.0666666666666667
1769, 1.0666666666666667
1770, 1.1
1771, 1.2
1772, 1.2333333333333334, 0.009931199252605438
1773, 1.2666666666666666, 0.0170021653175354
1774, 1.2
1775, 1.2333333333333334, 0.041846491396427155
1776, 1.2666666666666666
1777, 1.3
1778, 1.2666666666666666
1779, 1.3
1780, 1.3, 0.017215901985764503
1781, 1.3, 0.011515280231833458
1782, 1.2333333333333334
1783, 1.2333333333333334
1784, 1.3
1785, 1.2333333333333334
1786, 1.2666666666666666
1787, 1.2
1788, 1.1666666666666667
1789, 1.2333333333333334
1790, 1.2
1791, 1.1666666666666667
1792, 1.2
1793, 1.1, 0.03577988222241402
1794, 0.9666666666666667
1795, 0.9333333333333333
1796, 0.9666666666666667, 0.013861353509128094
1797, 0.9666666666666667, 0.023364149034023285
1798, 1.0666666666666667
1799, 1.1666666666666667
1800, 1.1666666666666667
1801, 1.0333333333333334
1802, 1.0
1803, 0.9666666666666667
1804, 1.0, 0.031615689396858215
1805, 0.9666666666666667
1806, 0.9333333333333333
1807, 0.9
1808, 0.9, 0.009470968507230282
1809, 0.8666666666666667
1810, 1.0
1811, 1.0
1812, 1.0
1813, 1.0666666666666667
1814, 1.0333333333333334, 0.013026649132370949
1815, 1.0333333333333334
1816, 1.0
1817, 1.0333333333333334
1818, 1.0333333333333334
1819, 1.0666666666666667
1820, 1.1
1821, 1.1666666666666667, 0.03141867369413376
1822, 1.1
1823, 1.1333333333333333
1824, 1.2, 0.013212598860263824
1825, 1.2
1826, 1.1333333333333333
1827, 1.2, 0.012079862877726555
1828, 1.1333333333333333
1829, 1.0
1830, 0.9666666666666667, 0.019029904156923294
1831, 0.9333333333333333
1832, 0.9666666666666667
1833, 0.9666666666666667
1834, 1.1
1835, 1.1
1836, 1.1
1837, 1.1
1838, 1.1333333333333333
1839, 1.1666666666666667, 0.011065695434808731
1840, 1.1, 0.018647395074367523
1841, 1.0666666666666667
1842, 1.1
1843, 1.0333333333333334, 0.022119536995887756
1844, 1.0666666666666667
1845, 1.0666666666666667
1846, 1.0666666666666667, 0.008206312544643879
1847, 1.0333333333333334, 0.018720593303442
1848, 1.0333333333333334
1849, 0.9333333333333333, 0.012845218181610107
1850, 1.0333333333333334
1851, 1.0, 0.011908916756510735
1852, 1.0333333333333334
1853, 1.0, 0.020618896931409836
1854, 0.9
1855, 0.9
1856, 1.0
1857, 0.9666666666666667, 0.019343525171279907
1858, 0.9666666666666667
1859, 0.9666666666666667, 0.016535498201847076
1860, 1.0666666666666667
1861, 1.1333333333333333
1862, 1.1, 0.013525879010558128
1863, 1.1666666666666667, 0.005134281702339649
1864, 1.1
1865, 1.1333333333333333
1866, 1.1333333333333333
1867, 1.1333333333333333
1868, 1.1
1869, 1.0666666666666667, 0.046196047216653824
1870, 1.1
1871, 1.1
1872, 1.1
1873, 1.1666666666666667, 0.03825698792934418
1874, 1.1333333333333333
1875, 1.1666666666666667
1876, 1.1666666666666667
1877, 1.1666666666666667
1878, 1.1666666666666667, 0.008637274615466595
1879, 1.1333333333333333
1880, 1.0
1881, 0.9333333333333333
1882, 0.9, 0.024113569408655167
1883, 1.0
1884, 1.0
1885, 1.0666666666666667
1886, 1.0666666666666667
1887, 1.1
1888, 1.0666666666666667
1889, 1.1, 0.036326244473457336
1890, 1.0666666666666667
1891, 1.0, 0.023689694702625275
1892, 1.1333333333333333
1893, 1.1666666666666667
1894, 1.0666666666666667, 0.010548719204962254
1895, 1.0333333333333334
1896, 1.0333333333333334, 0.01174025610089302
1897, 1.0333333333333334
1898, 1.1333333333333333
1899, 1.2
1900, 1.1, 0.016905037686228752
1901, 1.1
1902, 1.1666666666666667
1903, 1.1
1904, 1.1333333333333333
1905, 1.1666666666666667
1906, 1.2, 0.01661834679543972
1907, 1.2333333333333334
1908, 1.2666666666666666
1909, 1.3
1910, 1.3333333333333333, 0.011079194024205208
1911, 1.4
1912, 1.4666666666666666
1913, 1.3666666666666667
1914, 1.4
1915, 1.4
1916, 1.3
1917, 1.2
1918, 1.2666666666666666
1919, 1.3
1920, 1.2333333333333334, 0.012288661673665047
1921, 1.2666666666666666
1922, 1.2
1923, 1.1, 0.0191449373960495
1924, 1.1333333333333333
1925, 1.2
1926, 1.2, 0.009694220498204231
1927, 1.2
1928, 1.1333333333333333
1929, 1.0666666666666667
1930, 1.1, 0.041088204830884933
1931, 1.1
1932, 1.0, 0.009862631559371948
1933, 1.0333333333333334
1934, 1.0333333333333334
1935, 0.9666666666666667
1936, 0.9333333333333333, 0.010258960537612438
1937, 0.9333333333333333, 0.013969380408525467
1938, 0.9
1939, 0.8666666666666667
1940, 0.8333333333333334
1941, 0.8666666666666667
1942, 0.9
1943, 1.0333333333333334, 0.030556172132492065
1944, 1.0
1945, 1.0
1946, 1.0
1947, 1.1
1948, 1.1
1949, 1.0666666666666667
1950, 1.1
1951, 1.1
1952, 1.1
1953, 1.2333333333333334
1954, 1.2
1955, 1.2
1956, 1.2
1957, 1.2
1958, 1.1666666666666667, 0.02356700599193573
1959, 1.1666666666666667
1960, 1.1333333333333333
1961, 1.1666666666666667
1962, 1.3, 0.017730005085468292
1963, 1.3
1964, 1.2
1965, 1.2333333333333334
1966, 1.2333333333333334
1967, 1.2333333333333334
1968, 1.2333333333333334
1969, 1.2666666666666666
1970, 1.3333333333333333
1971, 1.2666666666666666
1972, 1.1666666666666667
1973, 1.0333333333333334
1974, 1.0333333333333334
1975, 1.1
1976, 1.1333333333333333
1977, 1.0333333333333334, 0.026651766151189804
1978, 1.0
1979, 0.9666666666666667, 0.051903389394283295
1980, 0.9333333333333333
1981, 0.9333333333333333, 0.02152540534734726
1982, 0.8666666666666667
1983, 0.8
1984, 0.9, 0.015735166147351265
1985, 0.8333333333333334
1986, 0.8333333333333334, 0.014746070839464664
1987, 0.8666666666666667
1988, 0.9, 0.009506886824965477
1989, 0.9
1990, 0.9333333333333333
1991, 0.9333333333333333
1992, 0.8333333333333334
1993, 0.8333333333333334
1994, 0.8666666666666667
1995, 0.9666666666666667
1996, 0.9666666666666667
1997, 0.9, 0.008094235323369503
1998, 1.0
1999, 0.9666666666666667
2000, 0.9, 0.01369708776473999
2001, 0.8666666666666667
2002, 0.9
2003, 0.9333333333333333
2004, 0.9666666666666667, 0.006077440921217203
2005, 0.8333333333333334
2006, 0.8666666666666667
2007, 0.9333333333333333
2008, 0.9
2009, 0.9
2010, 0.9333333333333333
2011, 0.9
2012, 0.9
2013, 0.9333333333333333, 0.009370183572173119
2014, 0.9666666666666667
2015, 0.9666666666666667, 0.010231267660856247
2016, 0.9666666666666667
2017, 0.9333333333333333
2018, 0.9333333333333333
2019, 0.9333333333333333
2020, 0.9, 0.019532354548573494
2021, 0.8666666666666667
2022, 0.8666666666666667, 0.012069535441696644
2023, 0.8333333333333334
2024, 0.8
2025, 0.7
2026, 0.8
2027, 0.8, 0.017996184527873993
2028, 0.7333333333333333
2029, 0.8
2030, 0.9
2031, 0.9666666666666667
2032, 1.0333333333333334
2033, 1.0333333333333334
2034, 1.0
2035, 1.0
2036, 0.9333333333333333
2037, 0.9
2038, 0.9666666666666667
2039, 0.9666666666666667
2040, 0.9333333333333333, 0.01522122323513031
2041, 1.0, 0.010520022362470627
2042, 1.0
2043, 1.1333333333333333
2044, 1.0333333333333334
2045, 1.0333333333333334
2046, 1.0666666666666667
2047, 1.0666666666666667
2048, 1.1, 0.027189256623387337
2049, 1.1333333333333333
2050, 1.2, 0.007312369998544455
2051, 1.2
2052, 1.2
2053, 1.2, 0.024702956900000572
2054, 1.2
2055, 1.2, 0.030999060720205307
2056, 1.2
2057, 1.2333333333333334
2058, 1.2
2059, 1.2
2060, 1.1
2061, 1.0333333333333334
2062, 0.9666666666666667, 0.01313096098601818
2063, 0.9333333333333333
2064, 0.9333333333333333
2065, 1.0666666666666667
2066, 1.0666666666666667
2067, 1.0666666666666667
2068, 1.2
2069, 1.2333333333333334
2070, 1.3333333333333333, 0.007756887935101986
2071, 1.3
2072, 1.3
2073, 1.0666666666666667
2074, 1.0333333333333334, 0.016880152747035027
2075, 1.0333333333333334
2076, 1.0666666666666667
2077, 1.1666666666666667
2078, 1.1666666666666667
2079, 1.2
2080, 1.1333333333333333
2081, 1.1333333333333333
2082, 1.1, 0.009508027695119381
2083, 1.1
2084, 1.1666666666666667
2085, 1.1333333333333333, 0.015619482845067978
2086, 1.1666666666666667, 0.04886690154671669
2087, 1.1333333333333333
2088, 1.1666666666666667, 0.012386689893901348
2089, 1.1666666666666667
2090, 1.1666666666666667, 0.012727756053209305
2091, 1.1666666666666667
2092, 1.1666666666666667, 0.006816122680902481
2093, 1.2
2094, 1.2
2095, 1.0666666666666667
2096, 1.1
2097, 1.1
2098, 0.9333333333333333
2099, 1.0
2100, 0.9
2101, 0.8666666666666667
2102, 0.8666666666666667, 0.01073041744530201
2103, 0.9333333333333333
2104, 0.9333333333333333
2105, 0.9333333333333333, 0.02070440910756588
2106, 0.8666666666666667
2107, 0.9333333333333333, 0.056610144674777985
2108, 0.9666666666666667
2109, 0.9333333333333333, 0.02654159627854824
2110, 1.0, 0.023615526035428047
2111, 1.0
2112, 1.0666666666666667
2113, 1.0666666666666667
2114, 1.0
2115, 1.0
2116, 0.8666666666666667
2117, 0.9
2118, 0.9
2119, 0.8333333333333334
2120, 0.8333333333333334, 0.025589926168322563
2121, 0.8666666666666667
2122, 0.9333333333333333
2123, 0.9
2124, 0.9333333333333333
2125, 0.9333333333333333
2126, 0.9
2127, 0.8666666666666667
2128, 0.9666666666666667, 0.026469670236110687
2129, 1.0333333333333334, 0.0222956333309412
2130, 1.0333333333333334
2131, 1.1333333333333333
2132, 1.1333333333333333
2133, 1.1333333333333333, 0.020361818373203278
2134, 1.1333333333333333
2135, 1.2
2136, 1.2333333333333334, 0.0541272796690464
2137, 1.0666666666666667
2138, 1.1333333333333333
2139, 1.1
2140, 1.0333333333333334, 0.0137767493724823
2141, 1.1333333333333333
2142, 1.1, 0.016472753137350082
2143, 1.1333333333333333
2144, 1.1666666666666667
2145, 1.1666666666666667, 0.0634906217455864
2146, 1.2
2147, 1.2333333333333334
2148, 1.2333333333333334, 0.01029918622225523
2149, 1.2666666666666666, 0.004131030291318893
2150, 1.4, 0.00942901149392128
2151, 1.3666666666666667
2152, 1.3666666666666667
2153, 1.4
2154, 1.3666666666666667, 0.0197230763733387
2155, 1.4333333333333333, 0.013040518388152122
2156, 1.5
2157, 1.5333333333333334
2158, 1.5333333333333334
2159, 1.4333333333333333
2160, 1.5666666666666667
2161, 1.5, 0.011461066082119942
2162, 1.6
2163, 1.5666666666666667
2164, 1.5666666666666667
2165, 1.5, 0.01523509994149208
2166, 1.5333333333333334
2167, 1.6, 0.01588645949959755
2168, 1.4333333333333333
2169, 1.4333333333333333, 0.011588580906391144
2170, 1.4333333333333333
2171, 1.4333333333333333
2172, 1.4333333333333333
2173, 1.4333333333333333
2174, 1.4
2175, 1.4333333333333333
2176, 1.4666666666666666, 0.014142555184662342
2177, 1.4333333333333333
2178, 1.4
2179, 1.3666666666666667, 0.009704666212201118
2180, 1.2666666666666666
2181, 1.3666666666666667
2182, 1.3
2183, 1.4333333333333333, 0.0252437312155962
2184, 1.5
2185, 1.4333333333333333
2186, 1.4333333333333333
2187, 1.4333333333333333
2188, 1.3333333333333333
2189, 1.3333333333333333
2190, 1.2
2191, 1.1666666666666667, 0.04176852107048035
2192, 1.1
2193, 1.1333333333333333
2194, 1.2333333333333334
2195, 1.2666666666666666
2196, 1.2
2197, 1.1666666666666667
2198, 1.1666666666666667
2199, 1.2
2200, 1.2
2201, 1.1666666666666667
2202, 1.1333333333333333, 0.01831655576825142
2203, 1.1
2204, 1.1
2205, 1.1
2206, 1.0666666666666667
2207, 1.0333333333333334
2208, 1.0666666666666667, 0.026422809809446335
2209, 1.1, 0.006576173007488251
2210, 1.1
2211, 1.0333333333333334
2212, 1.1666666666666667
2213, 1.1666666666666667, 0.04972812905907631
2214, 1.1333333333333333
2215, 1.1333333333333333
2216, 1.0666666666666667
2217, 1.1
2218, 1.1333333333333333, 0.02098271995782852
2219, 1.1, 0.043470703065395355
2220, 1.1
2221, 1.1
2222, 1.1
2223, 1.0333333333333334
2224, 0.9333333333333333
2225, 0.9, 0.027587778866291046
2226, 0.9
2227, 0.9, 0.020870637148618698
2228, 0.9
2229, 0.9333333333333333
2230, 1.0666666666666667, 0.008681833744049072
2231, 1.0
2232, 1.0, 0.018438296392560005
2233, 1.0
2234, 1.0333333333333334
2235, 1.0
2236, 0.9666666666666667, 0.013288904912769794
2237, 1.0333333333333334, 0.006700498983263969
2238, 1.0333333333333334
2239, 1.0666666666666667
2240, 1.1, 0.017229339107871056
2241, 1.1333333333333333
2242, 0.9666666666666667
2243, 0.8, 0.01750928908586502
2244, 0.8
2245, 0.9
2246, 0.9666666666666667, 0.09011825919151306
2247, 1.0, 0.010411920957267284
2248, 0.9666666666666667
2249, 0.9333333333333333
2250, 0.9666666666666667
2251, 0.9666666666666667
2252, 1.0, 0.005670529790222645
2253, 1.1, 0.02090679481625557
2254, 1.1
2255, 1.1
2256, 1.1
2257, 1.1333333333333333
2258, 1.1333333333333333
2259, 1.2
2260, 1.0666666666666667
2261, 1.0666666666666667, 0.021318526938557625
2262, 1.1
2263, 1.2333333333333334
2264, 1.3333333333333333
2265, 1.5666666666666667
2266, 1.5666666666666667, 0.04685128852725029
2267, 1.5
2268, 1.5333333333333334
2269, 1.5
2270, 1.4333333333333333
2271, 1.4
2272, 1.4333333333333333
2273, 1.5, 0.031419992446899414
2274, 1.4666666666666666
2275, 1.4333333333333333
2276, 1.4666666666666666
2277, 1.3666666666666667
2278, 1.3666666666666667
2279, 1.3666666666666667, 0.008428527042269707
2280, 1.3666666666666667
2281, 1.4333333333333333
2282, 1.4, 0.01579677313566208
2283, 1.3666666666666667
2284, 1.4666666666666666
2285, 1.5666666666666667
2286, 1.6666666666666667
2287, 1.6333333333333333
2288, 1.7
2289, 1.6333333333333333
2290, 1.6666666666666667
2291, 1.8
2292, 1.8
2293, 1.7
2294, 1.6, 0.022747071459889412
2295, 1.3666666666666667
2296, 1.4
2297, 1.5
2298, 1.4333333333333333
2299, 1.4
2300, 1.4, 0.013593662530183792
2301, 1.5
2302, 1.4666666666666666, 0.008240412920713425
2303, 1.4333333333333333
2304, 1.4333333333333333
2305, 1.3666666666666667
2306, 1.3333333333333333
2307, 1.3333333333333333
2308, 1.3666666666666667
2309, 1.3666666666666667
2310, 1.3333333333333333, 0.030808474868535995
2311, 1.2666666666666666
2312, 1.2333333333333334
2313, 1.3
2314, 1.3
2315, 1.2333333333333334, 0.008493584580719471
2316, 1.1666666666666667
2317, 1.1666666666666667, 0.005362980999052525
2318, 1.2
2319, 1.2
2320, 1.3666666666666667
2321, 1.2333333333333334
2322, 1.2
2323, 1.2333333333333334
2324, 1.2666666666666666
2325, 1.3333333333333333
2326, 1.3666666666666667
2327, 1.2666666666666666
2328, 1.3666666666666667
2329, 1.4
2330, 1.5333333333333334
2331, 1.4, 0.007454689592123032
2332, 1.4
2333, 1.4
2334, 1.5
2335, 1.6666666666666667
2336, 1.7666666666666666, 0.013866565190255642
2337, 1.8, 0.012935209088027477
2338, 1.7666666666666666, 0.011422279290854931
2339, 1.8, 0.007595304865390062
2340, 1.8333333333333333
2341, 1.8333333333333333
2342, 2.0
2343, 1.9
2344, 1.8
2345, 1.8, 0.011603551916778088
2346, 1.8
2347, 1.9666666666666666
2348, 1.8666666666666667, 0.012298345565795898
2349, 1.8666666666666667
2350, 1.8333333333333333
2351, 1.8666666666666667, 0.014542629942297935
2352, 1.9333333333333333
2353, 1.8666666666666667
2354, 1.9
2355, 1.8666666666666667, 0.016059014946222305
2356, 1.9
2357, 1.9333333333333333, 0.011216158047318459
2358, 1.8333333333333333
2359, 1.8
2360, 1.7
2361, 1.8
2362, 1.8333333333333333
2363, 1.9
2364, 1.8333333333333333
2365, 1.7333333333333334
2366, 1.7
2367, 1.7333333333333334
2368, 1.7
2369, 1.7666666666666666
2370, 1.7333333333333334
2371, 1.7333333333333334, 0.010700630955398083
2372, 1.6333333333333333
2373, 1.6
2374, 1.6, 0.007704086601734161
2375, 1.6333333333333333, 0.02954798936843872
2376, 1.7
2377, 1.5
2378, 1.5333333333333334
2379, 1.5
2380, 1.3666666666666667
2381, 1.3333333333333333, 0.007858104072511196
2382, 1.2666666666666666
2383, 1.3, 0.010422630235552788
2384, 1.2333333333333334
2385, 1.2666666666666666
2386, 1.2
2387, 1.1666666666666667, 0.022571012377738953
2388, 1.2666666666666666
2389, 1.3333333333333333
2390, 1.3666666666666667
2391, 1.2666666666666666
2392, 1.3333333333333333
2393, 1.2666666666666666, 0.008112580515444279
2394, 1.3666666666666667
2395, 1.3333333333333333
2396, 1.3666666666666667, 0.011232201009988785
2397, 1.3
2398, 1.3
2399, 1.3
2400, 1.3666666666666667
2401, 1.4333333333333333
2402, 1.4
2403, 1.4333333333333333
2404, 1.4333333333333333, 0.005806542932987213
2405, 1.4333333333333333, 0.008748792111873627
2406, 1.3333333333333333
2407, 1.3666666666666667
2408, 1.3333333333333333
2409, 1.3, 0.009842872619628906
2410, 1.3666666666666667
2411, 1.4666666666666666
2412, 1.4666666666666666, 0.009690595790743828
2413, 1.5, 0.0061356425285339355
2414, 1.5333333333333334
2415, 1.5, 0.0068758693523705006
2416, 1.5
2417, 1.5
2418, 1.5
2419, 1.5333333333333334
2420, 1.4666666666666666
2421, 1.5333333333333334
2422, 1.4666666666666666
2423, 1.4333333333333333
2424, 1.3666666666666667
2425, 1.3666666666666667
2426, 1.2, 0.008218243718147278
2427, 1.2
2428, 1.3, 0.005607523489743471
2429, 1.2333333333333334
2430, 1.2666666666666666
2431, 1.3333333333333333
2432, 1.3666666666666667
2433, 1.3666666666666667
2434, 1.3666666666666667, 0.08706726133823395
2435, 1.3
2436, 1.3333333333333333, 0.010972348973155022
2437, 1.4333333333333333
2438, 1.4333333333333333
2439, 1.4333333333333333, 0.008220599964261055
2440, 1.3333333333333333
2441, 1.2333333333333334, 0.01634795218706131
2442, 1.2333333333333334
2443, 1.3, 0.013739910908043385
2444, 1.2333333333333334
2445, 1.3
2446, 1.3333333333333333, 0.008416819386184216
2447, 1.3666666666666667
2448, 1.2666666666666666
2449, 1.1666666666666667
2450, 1.2333333333333334
2451, 1.1666666666666667
2452, 1.1333333333333333
2453, 1.2333333333333334
2454, 1.3, 0.03719128668308258
2455, 1.3333333333333333
2456, 1.3666666666666667
2457, 1.3666666666666667
2458, 1.2666666666666666
2459, 1.2666666666666666
2460, 1.3
2461, 1.2333333333333334
2462, 1.2
2463, 1.1666666666666667, 0.01067669503390789
2464, 1.2
2465, 1.2, 0.00650944234803319
2466, 1.2333333333333334
2467, 1.1666666666666667
2468, 1.2
2469, 1.4
2470, 1.4666666666666666
2471, 1.5666666666666667
2472, 1.6
2473, 1.5333333333333334, 0.022891152650117874
2474, 1.5666666666666667
2475, 1.6, 0.007908112369477749
2476, 1.5666666666666667
2477, 1.5333333333333334
2478, 1.5666666666666667
2479, 1.5666666666666667
2480, 1.5666666666666667
2481, 1.6
2482, 1.6, 0.022748678922653198
2483, 1.5333333333333334, 0.028417836874723434
2484, 1.4333333333333333
2485, 1.4666666666666666
2486, 1.4666666666666666
2487, 1.5
2488, 1.5666666666666667
2489, 1.5333333333333334, 0.00677951704710722
2490, 1.4333333333333333
2491, 1.3666666666666667, 0.009167592041194439
2492, 1.3333333333333333
2493, 1.3333333333333333, 0.03005397319793701
2494, 1.3666666666666667
2495, 1.4666666666666666, 0.018961381167173386
2496, 1.4333333333333333
2497, 1.3666666666666667, 0.020966364070773125
2498, 1.4
2499, 1.2
2500, 1.1333333333333333, 0.005846919026225805
2501, 1.1333333333333333
2502, 1.1
2503, 1.0333333333333334
2504, 1.0, 0.03862035274505615
2505, 0.8666666666666667
2506, 0.8333333333333334
2507, 0.8333333333333334
2508, 0.8333333333333334, 0.026247963309288025
2509, 0.9, 0.014873666688799858
2510, 0.8333333333333334
2511, 0.8666666666666667
2512, 0.9333333333333333
2513, 0.9333333333333333
2514, 0.9333333333333333, 0.016652699559926987
2515, 0.9666666666666667
2516, 0.9666666666666667
2517, 0.9666666666666667
2518, 0.9333333333333333, 0.007472049444913864
2519, 0.9333333333333333
2520, 0.9
2521, 1.0666666666666667, 0.00767030194401741
2522, 1.1
2523, 1.2
2524, 1.2
2525, 1.1333333333333333
2526, 1.2333333333333334
2527, 1.2333333333333334
2528, 1.3333333333333333
2529, 1.4666666666666666
2530, 1.5333333333333334
2531, 1.5
2532, 1.5333333333333334
2533, 1.5333333333333334
2534, 1.6, 0.01074925996363163
2535, 1.6333333333333333
2536, 1.6333333333333333
2537, 1.7666666666666666, 0.019938524812459946
2538, 1.8
2539, 1.7333333333333334, 0.016032826155424118
2540, 1.8333333333333333
2541, 1.8666666666666667
2542, 1.9
2543, 1.8666666666666667
2544, 1.8333333333333333
2545, 1.8666666666666667
2546, 1.9333333333333333, 0.009671090170741081
2547, 1.9
2548, 1.9666666666666666
2549, 1.9666666666666666
2550, 2.066666666666667, 0.0214706938713789
2551, 2.0, 0.008330916985869408
2552, 2.0
2553, 2.0
2554, 1.9333333333333333
2555, 1.9
2556, 1.9333333333333333
2557, 2.066666666666667
2558, 1.9
2559, 1.8333333333333333
2560, 1.7666666666666666
2561, 1.7, 0.012187997810542583
2562, 1.7
2563, 1.7
2564, 1.7
2565, 1.7, 0.00702026579529047
2566, 1.8
2567, 1.8
2568, 1.8
2569, 1.9
2570, 1.9666666666666666
2571, 2.0
2572, 1.9333333333333333
2573, 2.033333333333333
2574, 2.066666666666667
2575, 2.033333333333333, 0.016022011637687683
2576, 1.9666666666666666, 0.09047915786504745
2577, 2.033333333333333
2578, 2.066666666666667
2579, 2.1333333333333333, 0.014079529792070389
2580, 2.066666666666667
2581, 1.9666666666666666, 0.02331332489848137
2582, 2.033333333333333
2583, 2.0
2584, 2.1, 0.011778824031352997
2585, 2.2
2586, 2.033333333333333
2587, 1.9333333333333333
2588, 2.0
2589, 2.033333333333333
2590, 2.1
2591, 2.2666666666666666
2592, 2.3333333333333335
2593, 2.3666666666666667
2594, 2.3
2595, 2.3, 0.012156004086136818
2596, 2.2333333333333334
2597, 2.3333333333333335, 0.045591551810503006
2598, 2.3
2599, 2.3
2600, 2.2
2601, 2.3
2602, 2.3
2603, 2.2, 0.007060570642352104
2604, 2.3333333333333335, 0.016822047531604767
2605, 2.3666666666666667
2606, 2.3333333333333335
2607, 2.2666666666666666, 0.062160082161426544
2608, 2.2333333333333334
2609, 2.2
2610, 2.2, 0.004991368390619755
2611, 2.2666666666666666
2612, 2.1666666666666665
2613, 2.1, 0.004913385026156902
2614, 2.066666666666667
2615, 2.033333333333333
2616, 2.033333333333333
2617, 2.1666666666666665
2618, 2.2333333333333334, 0.014170452952384949
2619, 2.3
2620, 2.2666666666666666, 0.015493488870561123
2621, 2.1666666666666665
2622, 2.2
2623, 2.1666666666666665
2624, 2.1666666666666665
2625, 2.1333333333333333
2626, 2.1666666666666665
2627, 1.9666666666666666
2628, 2.0
2629, 1.9333333333333333
2630, 2.0, 0.02009003609418869
2631, 1.8
2632, 1.7666666666666666
2633, 1.8666666666666667
2634, 1.8
2635, 1.8333333333333333
2636, 1.9666666666666666
2637, 2.033333333333333
2638, 2.1333333333333333
2639, 2.1, 0.005685445852577686
2640, 2.1
2641, 2.1666666666666665, 0.012544719502329826
2642, 2.2
2643, 2.2
2644, 2.1666666666666665
2645, 2.1333333333333333, 0.013657836243510246
2646, 2.3
2647, 2.1666666666666665, 0.010482996702194214
2648, 2.1
2649, 2.033333333333333, 0.015202208422124386
2650, 2.1
2651, 2.2333333333333334
2652, 2.2, 0.010025418363511562
2653, 2.2666666666666666
2654, 2.2666666666666666, 0.010522755794227123
2655, 2.5
2656, 2.566666666666667
2657, 2.6666666666666665
2658, 2.6333333333333333, 0.02093229442834854
2659, 2.6666666666666665
2660, 2.566666666666667, 0.01156332902610302
2661, 2.6333333333333333
2662, 2.6333333333333333, 0.06825941801071167
2663, 2.6666666666666665, 0.01911354996263981
2664, 2.6333333333333333
2665, 2.466666666666667
2666, 2.3333333333333335
2667, 2.3666666666666667
2668, 2.1666666666666665, 0.031824491918087006
2669, 2.3666666666666667
2670, 2.466666666666667, 0.015013042837381363
2671, 2.433333333333333
2672, 2.4
2673, 2.566666666666667
2674, 2.533333333333333
2675, 2.6
2676, 2.533333333333333
2677, 2.533333333333333
2678, 2.466666666666667
2679, 2.3666666666666667
2680, 2.2666666666666666, 0.006029151380062103
2681, 2.066666666666667
2682, 2.033333333333333
2683, 2.0
2684, 2.0
2685, 1.9
2686, 1.9666666666666666
2687, 1.8666666666666667, 0.007295580580830574
2688, 1.9666666666666666, 0.01300427783280611
2689, 2.1
2690, 2.1
2691, 2.033333333333333
2692, 2.1, 0.03547034412622452
2693, 2.2333333333333334
2694, 2.2, 0.010534255765378475
2695, 2.2333333333333334, 0.011247513815760612
2696, 2.3666666666666667, 0.005682485178112984
2697, 2.4
2698, 2.466666666666667
2699, 2.4
2700, 2.3333333333333335
2701, 2.433333333333333, 0.03811422735452652
2702, 2.466666666666667
2703, 2.4
2704, 2.466666666666667
2705, 2.466666666666667
2706, 2.5
2707, 2.466666666666667
2708, 2.466666666666667
2709, 2.6666666666666665
2710, 2.7, 0.005157775245606899
2711, 2.7
2712, 2.7666666666666666
2713, 2.8666666666666667
2714, 2.9, 0.025427985936403275
2715, 2.9, 0.07388430088758469
2716, 2.7666666666666666
2717, 2.9, 0.009280756115913391
2718, 2.8, 0.01134413480758667
2719, 2.6
2720, 2.6333333333333333
2721, 2.6666666666666665
2722, 2.6, 0.045927874743938446
2723, 2.3333333333333335
2724, 2.466666666666667
2725, 2.4, 0.012496880255639553
2726, 2.3666666666666667
2727, 2.2333333333333334, 0.02168050780892372
2728, 2.3333333333333335
2729, 2.2666666666666666
2730, 2.3333333333333335
2731, 2.3
2732, 2.3
2733, 2.2333333333333334
2734, 2.2666666666666666
2735, 2.2
2736, 2.1333333333333333
2737, 2.2666666666666666
2738, 2.4
2739, 2.2
2740, 2.2666666666666666
2741, 2.3
2742, 2.3
2743, 2.3
2744, 2.3666666666666667
2745, 2.4
2746, 2.5
2747, 2.3333333333333335
2748, 2.4, 0.03713345155119896
2749, 2.5
2750, 2.6
2751, 2.533333333333333
2752, 2.7666666666666666, 0.02777554839849472
2753, 2.8666666666666667
2754, 2.8333333333333335
2755, 2.933333333333333
2756, 2.8333333333333335
2757, 2.8666666666666667
2758, 2.7666666666666666, 0.019817179068922997
2759, 2.8
2760, 2.8333333333333335, 0.02138325572013855
2761, 2.8333333333333335, 0.019585218280553818
2762, 2.933333333333333, 0.0114221703261137
2763, 3.0, 0.013250892981886864
2764, 3.033333333333333
2765, 3.0
2766, 3.033333333333333, 0.010370086878538132
2767, 3.0
2768, 2.8666666666666667, 0.0104714035987854
2769, 2.8666666666666667
2770, 2.8
2771, 2.966666666666667
2772, 2.933333333333333
2773, 2.9
2774, 2.8666666666666667
2775, 2.8333333333333335
2776, 2.7666666666666666
2777, 2.9, 0.022475244477391243
2778, 2.9
2779, 2.8, 0.014668449759483337
2780, 2.7666666666666666
2781, 2.8
2782, 2.566666666666667, 0.005851683206856251
2783, 2.466666666666667
2784, 2.4
2785, 2.566666666666667
2786, 2.6
2787, 2.6
2788, 2.8
2789, 2.7333333333333334
2790, 2.566666666666667
2791, 2.433333333333333
2792, 2.3, 0.014397106133401394
2793, 2.2333333333333334, 0.03254176303744316
2794, 2.2333333333333334
2795, 2.3333333333333335, 0.023203102871775627
2796, 2.3
2797, 2.2333333333333334
2798, 2.3666666666666667
2799, 2.533333333333333, 0.013108333572745323
2800, 2.533333333333333
2801, 2.3333333333333335
2802, 2.2333333333333334
2803, 2.2333333333333334
2804, 2.1666666666666665
2805, 2.033333333333333, 0.0042327214032411575
2806, 2.1, 0.05402006953954697
2807, 2.0
2808, 2.066666666666667
2809, 2.1333333333333333
2810, 2.066666666666667
2811, 2.033333333333333
2812, 2.066666666666667
2813, 2.066666666666667, 0.011044503189623356
2814, 2.2
2815, 1.9333333333333333
2816, 2.0, 0.008048152551054955
2817, 1.9666666666666666
2818, 1.8333333333333333
2819, 1.9
2820, 2.033333333333333
2821, 2.1333333333333333
2822, 2.2666666666666666
2823, 2.2666666666666666
2824, 2.1333333333333333
2825, 2.066666666666667, 0.0040042889304459095
2826, 2.033333333333333
2827, 2.1333333333333333
2828, 2.033333333333333
2829, 1.9, 0.029501255601644516
2830, 2.1, 0.1021384745836258
2831, 2.1666666666666665
2832, 2.3, 0.0083851283416152
2833, 2.2666666666666666
2834, 2.4
2835, 2.533333333333333, 0.017904222011566162
2836, 2.5
2837, 2.6
2838, 2.566666666666667, 0.015170581638813019
2839, 2.5
2840, 2.433333333333333
2841, 2.466666666666667
2842, 2.433333333333333, 0.011288820765912533
2843, 2.7333333333333334, 0.010815402492880821
2844, 2.6
2845, 2.7
2846, 2.8, 0.05166827142238617
2847, 3.0
2848, 3.033333333333333
2849, 2.933333333333333
2850, 2.933333333333333
2851, 2.9
2852, 2.966666666666667
2853, 3.1
2854, 3.1
2855, 3.2, 0.01570029929280281
2856, 3.433333333333333, 0.015710540115833282
2857, 3.3333333333333335
2858, 3.3666666666666667
2859, 3.5, 0.016809280961751938
2860, 3.3666666666666667
2861, 3.433333333333333
2862, 3.4
2863, 3.7
2864, 3.7
2865, 3.7333333333333334, 0.02965344302356243
2866, 3.8333333333333335
2867, 3.8333333333333335
2868, 3.8666666666666667, 0.01813005842268467
2869, 3.9, 0.009243085980415344
2870, 3.933333333333333, 0.032826125621795654
2871, 4.066666666666666
2872, 4.2
2873, 4.133333333333334
2874, 4.433333333333334
2875, 4.366666666666666
2876, 4.333333333333333
2877, 4.166666666666667, 0.01872343197464943
2878, 4.1
2879, 4.166666666666667, 0.013300047256052494
2880, 4.066666666666666
2881, 4.066666666666666
2882, 3.933333333333333
2883, 3.8
2884, 3.8666666666666667
2885, 3.7333333333333334
2886, 3.7, 0.012141333892941475
2887, 4.0
2888, 4.033333333333333, 0.02993374690413475
2889, 3.9, 0.014859804883599281
2890, 4.0
2891, 4.0
2892, 3.933333333333333, 0.007932880893349648
2893, 3.566666666666667
2894, 3.533333333333333
2895, 3.433333333333333
2896, 3.4, 0.003790950635448098
2897, 3.2666666666666666
2898, 3.2
2899, 3.2333333333333334
2900, 3.433333333333333
2901, 3.2666666666666666
2902, 3.1333333333333333
2903, 3.1
2904, 2.7333333333333334
2905, 2.8333333333333335
2906, 2.8333333333333335
2907, 2.8, 0.010939504951238632
2908, 2.8333333333333335, 0.037476859986782074
2909, 2.8, 0.013292506337165833
2910, 2.7666666666666666
2911, 2.6666666666666665, 0.007654575165361166
2912, 2.966666666666667
2913, 3.066666666666667
2914, 3.2666666666666666, 0.014576319605112076
2915, 3.2666666666666666
2916, 3.2666666666666666, 0.03499145433306694
2917, 3.1333333333333333
2918, 3.2
2919, 3.3
2920, 3.3
2921, 3.3
2922, 3.2666666666666666
2923, 3.466666666666667, 0.013071136549115181
2924, 3.466666666666667, 0.019688190892338753
2925, 3.4
2926, 3.3, 0.019534870982170105
2927, 3.466666666666667
2928, 3.433333333333333
2929, 3.7
2930, 3.466666666666667, 0.025124767795205116
2931, 3.6, 0.006445516832172871
2932, 3.7666666666666666
2933, 3.6
2934, 3.6666666666666665
2935, 3.6, 0.013577267527580261
2936, 3.566666666666667
2937, 3.966666666666667
2938, 4.2, 0.02469838224351406
2939, 4.166666666666667
2940, 4.233333333333333
2941, 4.566666666666666
2942, 4.266666666666667
2943, 4.3
2944, 4.1, 0.011936584487557411
2945, 4.333333333333333
2946, 4.4
2947, 4.333333333333333
2948, 4.333333333333333, 0.020319383591413498
2949, 4.266666666666667
2950, 4.233333333333333
2951, 4.2, 0.008905386552214622
2952, 4.233333333333333, 0.033298637717962265
2953, 4.133333333333334
2954, 4.2, 0.009645926766097546
2955, 4.2
2956, 4.166666666666667
2957, 4.266666666666667
2958, 4.366666666666666, 0.012846139259636402
2959, 4.2
2960, 4.3
2961, 4.233333333333333
2962, 4.266666666666667
2963, 4.5
2964, 4.533333333333333
2965, 4.533333333333333
2966, 4.433333333333334, 0.005474027246236801
2967, 4.133333333333334
2968, 4.233333333333333
2969, 4.333333333333333
2970, 4.366666666666666
2971, 4.233333333333333
2972, 4.566666666666666
2973, 4.4
2974, 4.4
2975, 4.2, 0.012435488402843475
2976, 4.133333333333334
2977, 4.133333333333334
2978, 4.2
2979, 4.366666666666666, 0.031240172684192657
2980, 4.333333333333333
2981, 4.4
2982, 4.5
2983, 4.566666666666666
2984, 4.466666666666667
2985, 4.733333333333333
2986, 5.066666666666666
2987, 5.033333333333333, 0.026681533083319664
2988, 5.066666666666666
2989, 4.966666666666667
2990, 5.266666666666667, 0.017234869301319122
2991, 5.366666666666666
2992, 5.2, 0.019384734332561493
2993, 5.133333333333334
2994, 5.033333333333333
2995, 5.1
2996, 5.2
2997, 5.2
2998, 4.9
2999, 4.833333333333333, 0.019717643037438393
3000, 4.8
3001, 4.633333333333334
3002, 4.466666666666667
3003, 4.833333333333333
3004, 4.9
3005, 5.033333333333333
3006, 4.933333333333334, 0.008633919060230255
3007, 4.933333333333334, 0.02849164418876171
3008, 4.8
3009, 4.7
3010, 4.666666666666667
3011, 4.833333333333333
3012, 5.066666666666666
3013, 4.933333333333334
3014, 4.933333333333334
3015, 5.1
3016, 5.133333333333334
3017, 5.033333333333333
3018, 4.866666666666666
3019, 4.966666666666667
3020, 4.7
3021, 4.866666666666666
3022, 5.266666666666667, 0.1061704009771347
3023, 5.1, 0.014340025372803211
3024, 5.133333333333334
3025, 5.0, 0.00630098907276988
3026, 5.066666666666666
3027, 4.966666666666667
3028, 4.9
3029, 4.966666666666667
3030, 4.9
3031, 5.033333333333333, 0.053546641021966934
3032, 4.833333333333333
3033, 4.5
3034, 4.5
3035, 4.433333333333334, 0.023078400641679764
3036, 4.333333333333333
3037, 4.6
3038, 4.7
3039, 4.933333333333334
3040, 5.0
3041, 4.9
3042, 4.666666666666667
3043, 4.766666666666667, 0.024904605001211166
3044, 4.933333333333334
3045, 4.833333333333333, 0.08355965465307236
3046, 4.566666666666666
3047, 4.566666666666666, 0.018868185579776764
3048, 4.766666666666667
3049, 4.733333333333333, 0.008880538865923882
3050, 4.833333333333333
3051, 4.5, 0.011385560035705566
3052, 4.233333333333333, 0.00996018573641777
3053, 4.233333333333333, 0.009186948649585247
3054, 4.233333333333333, 0.006297152489423752
3055, 4.566666666666666
3056, 4.466666666666667, 0.024723058566451073
3057, 4.733333333333333
3058, 4.9, 0.024780891835689545
3059, 4.833333333333333
3060, 5.033333333333333
3061, 5.0, 0.01218179240822792
3062, 4.966666666666667
3063, 4.933333333333334, 0.01736878603696823
3064, 4.8
3065, 4.833333333333333
3066, 4.966666666666667
3067, 4.666666666666667
3068, 4.666666666666667
3069, 4.3
3070, 4.533333333333333, 0.051367200911045074
3071, 4.5, 0.017016666010022163
3072, 4.466666666666667
3073, 4.366666666666666
3074, 4.166666666666667
3075, 3.9
3076, 3.933333333333333, 0.009537680074572563
3077, 4.033333333333333, 0.040822990238666534
3078, 4.133333333333334
3079, 4.166666666666667
3080, 4.166666666666667
3081, 4.3, 0.03800269961357117
3082, 4.366666666666666
3083, 4.333333333333333
3084, 4.466666666666667
3085, 4.166666666666667
3086, 4.133333333333334
3087, 4.0
3088, 3.7333333333333334
3089, 3.9
3090, 3.7
3091, 3.7
3092, 3.8333333333333335, 0.029488643631339073
3093, 3.933333333333333, 0.018062354996800423
3094, 4.166666666666667
3095, 4.166666666666667
3096, 4.233333333333333, 0.020588837563991547
3097, 4.133333333333334
3098, 4.1
3099, 4.133333333333334
3100, 4.066666666666666
3101, 4.1
3102, 4.1
3103, 4.233333333333333
3104, 4.366666666666666
3105, 4.466666666666667, 0.017801892012357712
3106, 4.333333333333333
3107, 4.566666666666666
3108, 4.433333333333334
3109, 4.4
3110, 4.533333333333333, 0.03338775783777237
3111, 4.6
3112, 4.533333333333333
3113, 4.566666666666666
3114, 4.733333333333333
3115, 5.0
3116, 5.3
3117, 5.633333333333334
3118, 5.866666666666666
3119, 5.7
3120, 5.8
3121, 5.733333333333333
3122, 6.033333333333333
3123, 6.166666666666667, 0.022597912698984146
3124, 5.933333333333334
3125, 6.266666666666667
3126, 6.266666666666667
3127, 6.4
3128, 6.333333333333333
3129, 6.6, 0.007351190783083439
3130, 6.333333333333333
3131, 6.1
3132, 6.233333333333333, 0.013571524992585182
3133, 6.2
3134, 6.133333333333334
3135, 6.1, 0.00987664982676506
3136, 6.233333333333333, 0.008622664026916027
3137, 6.3
3138, 6.133333333333334
3139, 6.066666666666666
3140, 5.9
3141, 5.866666666666666
3142, 5.766666666666667
3143, 6.0
3144, 5.766666666666667
3145, 5.966666666666667
3146, 6.033333333333333
3147, 5.566666666666666, 0.011327072978019714
3148, 5.5
3149, 5.533333333333333, 0.007812094409018755
3150, 5.433333333333334
3151, 5.466666666666667
3152, 5.066666666666666
3153, 4.833333333333333
3154, 4.833333333333333
3155, 4.533333333333333, 0.0301650557667017
3156, 4.8, 0.014851009473204613
3157, 4.733333333333333
3158, 4.7
3159, 4.466666666666667, 0.007638778071850538
3160, 4.533333333333333, 0.02322591468691826
3161, 4.633333333333334, 0.004989645443856716
3162, 4.6
3163, 4.866666666666666
3164, 4.933333333333334
3165, 4.9, 0.027232160791754723
3166, 4.733333333333333
3167, 4.733333333333333
3168, 4.7
3169, 4.7
3170, 4.5, 0.010308798402547836
3171, 4.733333333333333
3172, 4.833333333333333, 0.005515340715646744
3173, 4.633333333333334
3174, 4.566666666666666
3175, 4.166666666666667
3176, 4.4
3177, 4.566666666666666
3178, 4.533333333333333, 0.023268261924386024
3179, 4.6, 0.022492695599794388
3180, 4.666666666666667
3181, 4.866666666666666
3182, 5.566666666666666
3183, 5.8
3184, 5.9
3185, 6.4
3186, 5.966666666666667
3187, 6.133333333333334
3188, 6.2
3189, 6.2
3190, 6.133333333333334
3191, 6.033333333333333, 0.04501578211784363
3192, 5.866666666666666
3193, 5.9, 0.009133385494351387
3194, 5.933333333333334
3195, 6.2
3196, 6.266666666666667
3197, 5.9, 0.0053483787924051285
3198, 6.033333333333333
3199, 6.133333333333334, 0.015853310003876686
3200, 6.433333333333334
3201, 6.266666666666667
3202, 6.366666666666666
3203, 6.433333333333334
3204, 6.633333333333334, 0.028114989399909973
3205, 6.733333333333333
3206, 6.1, 0.034918852150440216
3207, 6.333333333333333, 0.013340441510081291
3208, 6.366666666666666, 0.021309347823262215
3209, 6.366666666666666, 0.04197899252176285
3210, 6.9
3211, 6.666666666666667
3212, 5.966666666666667
3213, 6.133333333333334
3214, 6.333333333333333, 0.01456570252776146
3215, 6.166666666666667
3216, 6.266666666666667
3217, 6.1
3218, 6.1, 0.03222453594207764
3219, 6.166666666666667, 0.009996635839343071
3220, 6.433333333333334, 0.01561923697590828
3221, 6.566666666666666
3222, 6.666666666666667, 0.007933791726827621
3223, 6.333333333333333
3224, 6.266666666666667
3225, 6.6
3226, 6.6
3227, 6.733333333333333
3228, 6.666666666666667
3229, 6.566666666666666
3230, 6.366666666666666
3231, 6.266666666666667
3232, 6.0
3233, 5.966666666666667
3234, 6.5
3235, 6.466666666666667
3236, 6.6
3237, 6.366666666666666, 0.007514664903283119
3238, 6.666666666666667
3239, 6.766666666666667
3240, 6.3, 0.01690579764544964
3241, 6.6
3242, 6.733333333333333
3243, 6.666666666666667
3244, 6.5
3245, 6.266666666666667
3246, 6.3
3247, 6.5, 0.03397034853696823
3248, 6.466666666666667
3249, 6.5
3250, 6.366666666666666
3251, 6.766666666666667
3252, 6.766666666666667, 0.026059720665216446
3253, 6.833333333333333
3254, 6.8
3255, 6.133333333333334
3256, 6.5, 0.015203998424112797
3257, 6.233333333333333
3258, 6.3
3259, 6.266666666666667, 0.00872767437249422
3260, 6.5, 0.009609481319785118
3261, 6.8
3262, 7.3
3263, 7.233333333333333
3264, 6.5
3265, 6.433333333333334
3266, 6.5
3267, 6.4
3268, 6.266666666666667
3269, 6.4
3270, 6.933333333333334
3271, 6.8
3272, 6.633333333333334, 0.01210404559969902
3273, 6.366666666666666
3274, 6.233333333333333
3275, 6.133333333333334, 0.009850520640611649
3276, 5.966666666666667
3277, 5.9
3278, 5.833333333333333
3279, 5.933333333333334
3280, 6.0
3281, 5.666666666666667
3282, 6.033333333333333, 0.14286044239997864
3283, 6.166666666666667
3284, 6.233333333333333
3285, 6.4, 0.014028540812432766
3286, 6.066666666666666, 0.02484702691435814
3287, 6.133333333333334, 0.013196351937949657
3288, 6.266666666666667, 0.016646098345518112
3289, 6.366666666666666
3290, 6.266666666666667
3291, 6.0
3292, 5.733333333333333
3293, 5.833333333333333
3294, 5.966666666666667, 0.035848259925842285
3295, 6.466666666666667
3296, 6.266666666666667
3297, 6.233333333333333
3298, 6.1
3299, 6.066666666666666
3300, 5.466666666666667
3301, 5.5, 0.038973499089479446
3302, 5.866666666666666
3303, 5.866666666666666
3304, 5.933333333333334
3305, 6.0
3306, 6.266666666666667
3307, 6.433333333333334
3308, 6.533333333333333
3309, 6.266666666666667
3310, 6.133333333333334
3311, 6.2
3312, 5.9, 0.008208266459405422
3313, 5.866666666666666, 0.11354948580265045
3314, 5.933333333333334
3315, 5.733333333333333
3316, 5.8
3317, 6.233333333333333
3318, 5.966666666666667
3319, 6.0, 0.004116190131753683
3320, 6.166666666666667, 0.007630832958966494
3321, 6.433333333333334
3322, 6.233333333333333
3323, 6.166666666666667
3324, 6.133333333333334
3325, 6.133333333333334
3326, 6.2
3327, 6.233333333333333
3328, 6.066666666666666
3329, 5.766666666666667
3330, 5.833333333333333
3331, 5.7
3332, 5.366666666666666
3333, 5.7
3334, 5.633333333333334
3335, 5.733333333333333
3336, 5.8
3337, 5.9
3338, 5.933333333333334, 0.010516179725527763
3339, 6.0
3340, 6.133333333333334
3341, 6.066666666666666
3342, 5.866666666666666, 0.016450433060526848
3343, 5.733333333333333, 0.007422528229653835
3344, 5.8
3345, 6.233333333333333
3346, 6.1
3347, 5.7
3348, 6.066666666666666
3349, 5.933333333333334
3350, 5.7
3351, 5.566666666666666
3352, 5.833333333333333, 0.007825272157788277
3353, 5.8
3354, 5.7
3355, 5.133333333333334
3356, 5.566666666666666, 0.011956288479268551
3357, 5.666666666666667, 0.029777076095342636
3358, 5.766666666666667
3359, 5.9, 0.012598402798175812
3360, 6.066666666666666
3361, 6.033333333333333
3362, 6.466666666666667
3363, 6.133333333333334, 0.0068328240886330605
3364, 6.266666666666667
3365, 6.1
3366, 5.9
3367, 5.566666666666666, 0.005924846976995468
3368, 5.8, 0.015308404341340065
3369, 5.9, 0.0130359698086977
3370, 5.833333333333333, 0.09001682698726654
3371, 5.9, 0.013908060267567635
3372, 6.033333333333333
3373, 5.966666666666667, 0.01626620441675186
3374, 5.8
3375, 5.6, 0.03726338595151901
3376, 5.6
3377, 5.766666666666667
3378, 5.566666666666666, 0.00888177938759327
3379, 5.666666666666667
3380, 5.5, 0.006397210992872715
3381, 5.233333333333333
3382, 5.066666666666666
3383, 5.433333333333334, 0.020386921241879463
3384, 5.533333333333333
3385, 6.0, 0.019608091562986374
3386, 5.5
3387, 5.4, 0.014510889537632465
3388, 5.4, 0.003345783334225416
3389, 5.566666666666666, 0.029302537441253662
3390, 5.466666666666667, 0.008121088147163391
3391, 5.566666666666666
3392, 5.333333333333333, 0.010759800672531128
3393, 5.3
3394, 5.3
3395, 5.366666666666666
3396, 5.3, 0.011994114145636559
3397, 5.5
3398, 5.1
3399, 5.133333333333334, 0.01505908090621233
3400, 5.0, 0.09003694355487823
3401, 5.5
3402, 5.766666666666667
3403, 5.733333333333333
3404, 5.633333333333334
3405, 5.733333333333333
3406, 5.7
3407, 5.5
3408, 5.4, 0.007053199224174023
3409, 5.433333333333334, 0.01886042393743992
3410, 5.833333333333333
3411, 5.8
3412, 5.833333333333333
3413, 5.5, 0.017471931874752045
3414, 5.4
3415, 5.2
3416, 5.2
3417, 5.233333333333333
3418, 5.3
3419, 5.1
3420, 5.066666666666666
3421, 5.133333333333334
3422, 5.0
3423, 5.133333333333334, 0.007512152194976807
3424, 5.166666666666667
3425, 5.166666666666667
3426, 5.233333333333333
3427, 5.133333333333334
3428, 5.366666666666666, 0.00928443018347025
3429, 5.3, 0.007026428356766701
3430, 5.766666666666667
3431, 5.5
3432, 5.233333333333333
3433, 5.233333333333333
3434, 5.366666666666666, 0.003060705726966262
3435, 5.266666666666667
3436, 5.366666666666666
3437, 5.566666666666666
3438, 5.733333333333333
3439, 5.733333333333333
3440, 5.533333333333333, 0.008307610638439655
3441, 5.933333333333334, 0.01157795637845993
3442, 5.833333333333333
3443, 5.966666666666667
3444, 6.0
3445, 5.733333333333333
3446, 5.866666666666666, 0.012156916782259941
3447, 5.966666666666667
3448, 5.833333333333333
3449, 5.733333333333333
3450, 5.733333333333333, 0.005383771378546953
3451, 5.5, 0.00404016301035881
3452, 5.833333333333333
3453, 5.866666666666666
3454, 5.866666666666666, 0.008324854075908661
3455, 5.8
3456, 5.833333333333333
3457, 6.066666666666666
3458, 6.233333333333333
3459, 6.1, 0.005175361875444651
3460, 6.133333333333334
3461, 5.8
3462, 5.833333333333333
3463, 5.9
3464, 5.933333333333334, 0.0076140775345265865
3465, 5.733333333333333
3466, 6.0, 0.004174805246293545
3467, 5.7
3468, 5.6
3469, 5.933333333333334
3470, 5.966666666666667
3471, 5.566666666666666, 0.022980617359280586
3472, 5.5
3473, 6.033333333333333
3474, 6.066666666666666
3475, 6.266666666666667
3476, 6.5
3477, 6.366666666666666, 0.007771650794893503
3478, 6.366666666666666
3479, 6.466666666666667, 0.017851555719971657
3480, 7.033333333333333
3481, 7.266666666666667
3482, 6.9
3483, 6.833333333333333
3484, 6.7
3485, 6.7
3486, 6.733333333333333
3487, 7.1
3488, 6.766666666666667, 0.006032590288668871
3489, 6.766666666666667
3490, 6.433333333333334
3491, 6.566666666666666, 0.023877328261733055
3492, 6.633333333333334
3493, 6.566666666666666
3494, 6.5
3495, 6.466666666666667
3496, 6.1, 0.02475830167531967
3497, 6.5
3498, 6.766666666666667
3499, 6.333333333333333
3500, 6.3
3501, 6.7
3502, 6.733333333333333, 0.00927809253334999
3503, 6.166666666666667
3504, 6.233333333333333
3505, 6.066666666666666
3506, 5.7, 0.0059641520492732525
3507, 5.666666666666667
3508, 5.8
3509, 5.833333333333333
3510, 5.566666666666666
3511, 5.833333333333333
3512, 5.833333333333333, 0.012022851966321468
3513, 5.9
3514, 5.933333333333334
3515, 6.4
3516, 6.3
3517, 5.533333333333333, 0.01399927493184805
3518, 5.466666666666667
3519, 5.566666666666666
3520, 5.333333333333333, 0.010181963443756104
3521, 5.266666666666667
3522, 5.233333333333333
3523, 5.4
3524, 5.433333333333334
3525, 5.8, 0.025128722190856934
3526, 5.966666666666667, 0.0073027946054935455
3527, 5.7, 0.0036080533172935247
3528, 5.433333333333334
3529, 5.466666666666667
3530, 5.333333333333333, 0.002341934945434332
3531, 5.066666666666666
3532, 5.1
3533, 5.233333333333333, 0.01651468500494957
3534, 5.433333333333334
3535, 5.8, 0.014763557352125645
3536, 5.9
3537, 5.866666666666666
3538, 6.033333333333333, 0.031792957335710526
3539, 6.0
3540, 5.766666666666667
3541, 5.433333333333334, 0.005715521052479744
3542, 5.933333333333334, 0.010030231438577175
3543, 6.166666666666667, 0.01906721666455269
3544, 6.133333333333334, 0.056592438369989395
3545, 5.666666666666667
3546, 6.0
3547, 6.066666666666666
3548, 6.533333333333333
3549, 6.5
3550, 7.066666666666666
3551, 7.233333333333333
3552, 7.2
3553, 7.1
3554, 7.1
3555, 7.033333333333333
3556, 7.166666666666667
3557, 7.433333333333334
3558, 7.533333333333333, 0.005682680290192366
3559, 7.7, 0.01818031072616577
3560, 8.066666666666666, 0.008462710306048393
3561, 7.966666666666667
3562, 8.066666666666666
3563, 7.833333333333333
3564, 7.533333333333333
3565, 7.766666666666667
3566, 8.066666666666666
3567, 8.133333333333333
3568, 7.966666666666667
3569, 7.833333333333333
3570, 8.133333333333333
3571, 8.133333333333333
3572, 7.8
3573, 7.4
3574, 7.566666666666666
3575, 7.8
3576, 7.8
3577, 7.833333333333333
3578, 7.633333333333334, 0.01011514663696289
3579, 7.633333333333334, 0.006281718611717224
3580, 7.266666666666667
3581, 6.9, 0.006178686860948801
3582, 6.733333333333333
3583, 6.833333333333333
3584, 6.9
3585, 6.766666666666667
3586, 7.0
3587, 6.6
3588, 6.366666666666666, 0.007073882035911083
3589, 6.333333333333333
3590, 6.566666666666666
3591, 6.966666666666667
3592, 7.0
3593, 7.0, 0.018308261409401894
3594, 7.066666666666666
3595, 6.733333333333333
3596, 6.733333333333333
3597, 6.833333333333333
3598, 6.733333333333333
3599, 6.833333333333333
3600, 6.7
3601, 6.933333333333334
3602, 6.766666666666667
3603, 7.833333333333333
3604, 7.633333333333334
3605, 7.366666666666666
3606, 7.033333333333333
3607, 7.0, 0.02080768346786499
3608, 7.166666666666667, 0.00547625869512558
3609, 7.233333333333333
3610, 7.366666666666666
3611, 7.333333333333333
3612, 8.066666666666666
3613, 8.233333333333333, 0.03679686412215233
3614, 8.233333333333333
3615, 8.2
3616, 7.933333333333334, 0.019622504711151123
3617, 8.1, 0.021450182422995567
3618, 8.3, 0.016133876517415047
3619, 8.2
3620, 7.666666666666667
3621, 7.5
3622, 7.333333333333333
3623, 7.4
3624, 7.633333333333334
3625, 7.833333333333333
3626, 7.733333333333333
3627, 7.966666666666667, 0.003365643322467804
3628, 7.866666666666666
3629, 7.966666666666667, 0.006350548937916756
3630, 7.766666666666667, 0.052256058901548386
3631, 7.5, 0.01180728804320097
3632, 7.466666666666667
3633, 6.366666666666666
3634, 6.866666666666666
3635, 7.166666666666667
3636, 7.166666666666667, 0.01111456099897623
3637, 7.066666666666666
3638, 6.8
3639, 6.8
3640, 6.466666666666667
3641, 6.833333333333333, 0.0052586505189538
3642, 6.4
3643, 6.033333333333333, 0.006547297351062298
3644, 5.8
3645, 6.066666666666666
3646, 5.8, 0.03075076825916767
3647, 5.633333333333334
3648, 5.533333333333333
3649, 5.666666666666667, 0.008958414196968079
3650, 5.766666666666667
3651, 5.6
3652, 5.933333333333334
3653, 5.833333333333333
3654, 5.7, 0.007546462118625641
3655, 5.7
3656, 5.433333333333334
3657, 5.133333333333334
3658, 5.133333333333334, 0.05896943435072899
3659, 5.066666666666666
3660, 5.266666666666667
3661, 5.233333333333333
3662, 5.4, 0.005123504437506199
3663, 5.8
3664, 5.5, 0.007645102683454752
3665, 5.266666666666667
3666, 5.133333333333334
3667, 5.133333333333334, 0.01138595025986433
3668, 5.133333333333334, 0.01758386939764023
3669, 5.533333333333333
3670, 5.866666666666666
3671, 6.166666666666667, 0.0068425377830863
3672, 5.933333333333334, 0.00485538924112916
3673, 5.933333333333334
3674, 6.933333333333334
3675, 6.7
3676, 7.066666666666666
3677, 7.333333333333333
3678, 7.366666666666666
3679, 7.133333333333334
3680, 6.966666666666667
3681, 7.133333333333334
3682, 6.933333333333334
3683, 7.4
3684, 7.366666666666666, 0.04270462691783905
3685, 7.266666666666667, 0.005201465450227261
3686, 7.466666666666667
3687, 7.6, 0.05618656799197197
3688, 7.7
3689, 8.566666666666666
3690, 8.6
3691, 8.466666666666667, 0.0216914601624012
3692, 8.5
3693, 8.3
3694, 8.3, 0.02505074441432953
3695, 8.533333333333333
3696, 9.1
3697, 9.166666666666666, 0.023417171090841293
3698, 10.466666666666667, 0.012033111415803432
3699, 9.933333333333334
3700, 10.2
3701, 9.8
3702, 9.766666666666667, 0.014312942512333393
3703, 9.966666666666667
3704, 9.066666666666666
3705, 9.3
3706, 9.5
3707, 9.466666666666667, 0.07953411340713501
3708, 9.566666666666666, 0.006556462496519089
3709, 9.6
3710, 9.666666666666666
3711, 9.833333333333334, 0.034143075346946716
3712, 9.8
3713, 9.366666666666667, 0.020793870091438293
3714, 9.3
3715, 8.966666666666667, 0.012239808216691017
3716, 9.133333333333333
3717, 9.0
3718, 9.066666666666666
3719, 8.1
3720, 7.966666666666667
3721, 8.433333333333334
3722, 8.366666666666667
3723, 8.333333333333334, 0.012907760217785835
3724, 8.366666666666667, 0.08410254120826721
3725, 8.433333333333334
3726, 8.0
3727, 8.0
3728, 6.533333333333333
3729, 6.733333333333333
3730, 6.733333333333333, 0.007594055496156216
3731, 6.466666666666667
3732, 6.6, 0.03280843049287796
3733, 6.633333333333334, 0.038015276193618774
3734, 6.633333333333334
3735, 6.633333333333334
3736, 6.366666666666666
3737, 6.766666666666667
3738, 6.533333333333333
3739, 6.533333333333333
3740, 6.533333333333333
3741, 6.933333333333334
3742, 6.933333333333334, 0.011241406202316284
3743, 6.9
3744, 6.8, 0.01773795671761036
3745, 6.933333333333334
3746, 7.033333333333333
3747, 7.1
3748, 6.966666666666667
3749, 7.0
3750, 7.1
3751, 7.133333333333334
3752, 7.0
3753, 7.166666666666667
3754, 7.0, 0.005817302502691746
3755, 6.666666666666667
3756, 6.666666666666667
3757, 6.766666666666667, 0.011152663268148899
3758, 6.933333333333334
3759, 6.866666666666666, 0.006658271420747042
3760, 6.5
3761, 7.2
3762, 7.166666666666667
3763, 6.966666666666667
3764, 6.933333333333334, 0.007292133755981922
3765, 7.066666666666666, 0.008047391660511494
3766, 6.733333333333333
3767, 6.133333333333334
3768, 6.366666666666666
3769, 6.3
3770, 6.466666666666667
3771, 5.666666666666667
3772, 6.333333333333333, 0.02196972444653511
3773, 6.5
3774, 6.7
3775, 6.7
3776, 7.2
3777, 7.066666666666666
3778, 7.1
3779, 7.166666666666667
3780, 6.833333333333333
3781, 6.433333333333334, 0.007270952686667442
3782, 6.5
3783, 6.366666666666666
3784, 6.7
3785, 6.8
3786, 6.733333333333333
3787, 6.633333333333334, 0.04038264974951744
3788, 6.566666666666666
3789, 6.6
3790, 6.966666666666667
3791, 6.3
3792, 6.566666666666666, 0.024404773488640785
3793, 6.566666666666666
3794, 6.566666666666666
3795, 6.266666666666667, 0.010439112782478333
3796, 6.3
3797, 6.433333333333334
3798, 6.566666666666666, 0.007947639562189579
3799, 6.766666666666667
3800, 6.633333333333334
3801, 7.466666666666667, 0.005783555563539267
3802, 6.9, 0.00727396784350276
3803, 6.8, 0.005135353654623032
3804, 6.633333333333334
3805, 6.633333333333334
3806, 5.7
3807, 6.133333333333334
3808, 6.366666666666666
3809, 6.566666666666666, 0.004079362377524376
3810, 6.7
3811, 6.833333333333333
3812, 7.0
3813, 6.9
3814, 6.633333333333334
3815, 6.866666666666666
3816, 7.0, 0.031496766954660416
3817, 7.066666666666666, 0.013787545263767242
3818, 7.0
3819, 6.9, 0.02035689726471901
3820, 6.866666666666666, 0.014324110932648182
3821, 6.966666666666667
3822, 6.633333333333334, 0.012635786086320877
3823, 6.933333333333334
3824, 6.966666666666667
3825, 6.733333333333333
3826, 7.333333333333333, 0.01003355160355568
3827, 7.2
3828, 7.3
3829, 7.133333333333334
3830, 7.133333333333334
3831, 6.766666666666667
3832, 6.6
3833, 6.633333333333334
3834, 7.033333333333333
3835, 6.933333333333334
3836, 7.266666666666667
3837, 7.466666666666667
3838, 7.266666666666667
3839, 6.966666666666667
3840, 7.266666666666667
3841, 7.5
3842, 7.266666666666667, 0.010866913944482803
3843, 7.433333333333334
3844, 7.366666666666666
3845, 7.333333333333333
