0, 0.0, 0
0, 0.0
1, 0.0
2, 0.0
3, 0.0, 0.029718885198235512
4, 0.0
5, 0.0, 0.0154578797519207
6, 0.0
7, 0.25
8, 0.2222222222222222
9, 0.2
10, 0.18181818181818182
11, 0.16666666666666666
12, 0.23076923076923078
13, 0.2857142857142857
14, 0.26666666666666666
15, 0.25, 0.015607140026986599
16, 0.23529411764705882
17, 0.2222222222222222
18, 0.21052631578947367
19, 0.2
20, 0.19047619047619047
21, 0.22727272727272727
22, 0.21739130434782608
23, 0.25
24, 0.28
25, 0.3076923076923077
26, 0.2962962962962963
27, 0.2857142857142857
28, 0.27586206896551724
29, 0.26666666666666666
30, 0.26666666666666666
31, 0.26666666666666666
32, 0.26666666666666666, 0.04612653702497482
33, 0.26666666666666666
34, 0.26666666666666666
35, 0.3333333333333333
36, 0.3333333333333333
37, 0.26666666666666666
38, 0.26666666666666666
39, 0.26666666666666666
40, 0.26666666666666666
41, 0.26666666666666666, 0.015446004457771778
42, 0.23333333333333334
43, 0.2
44, 0.2
45, 0.2
46, 0.2
47, 0.2
48, 0.2
49, 0.2, 0.026795778423547745
50, 0.2
51, 0.16666666666666666
52, 0.16666666666666666
53, 0.13333333333333333, 0.029991742223501205
54, 0.1
55, 0.06666666666666667
56, 0.06666666666666667
57, 0.06666666666666667
58, 0.06666666666666667
59, 0.06666666666666667, 0.02762608602643013
60, 0.06666666666666667
61, 0.06666666666666667
62, 0.06666666666666667
63, 0.06666666666666667, 0.015874072909355164
64, 0.06666666666666667
65, 0.03333333333333333
66, 0.03333333333333333
67, 0.03333333333333333, 0.015544590540230274
68, 0.03333333333333333
69, 0.03333333333333333
70, 0.06666666666666667
71, 0.1, 0.0012053155805915594
72, 0.1
73, 0.1
74, 0.1
75, 0.1, 0.034142810851335526
76, 0.16666666666666666, 0.0016953751910477877
77, 0.23333333333333334
78, 0.23333333333333334
79, 0.23333333333333334
80, 0.23333333333333334, 0.03292825445532799
81, 0.23333333333333334
82, 0.23333333333333334
83, 0.26666666666666666
84, 0.26666666666666666, 0.03097594901919365
85, 0.26666666666666666
86, 0.26666666666666666, 0.026425454765558243
87, 0.26666666666666666
88, 0.26666666666666666
89, 0.26666666666666666
90, 0.26666666666666666, 0.0448201484978199
91, 0.26666666666666666
92, 0.26666666666666666
93, 0.26666666666666666
94, 0.26666666666666666
95, 0.23333333333333334
96, 0.23333333333333334
97, 0.23333333333333334
98, 0.26666666666666666, 0.014111469499766827
99, 0.26666666666666666
100, 0.23333333333333334
101, 0.2
102, 0.2, 0.023181162774562836
103, 0.2
104, 0.2
105, 0.2
106, 0.13333333333333333, 0.030875131487846375
107, 0.13333333333333333
108, 0.13333333333333333
109, 0.13333333333333333
110, 0.13333333333333333
111, 0.13333333333333333
112, 0.13333333333333333
113, 0.1
114, 0.1
115, 0.13333333333333333, 0.013007594272494316
116, 0.13333333333333333
117, 0.16666666666666666
118, 0.2
119, 0.2, 0.022203566506505013
120, 0.2
121, 0.2, 0.009903442114591599
122, 0.2
123, 0.26666666666666666, 0.011011012829840183
124, 0.26666666666666666
125, 0.3, 0.008305573835968971
126, 0.3
127, 0.3333333333333333
128, 0.3333333333333333
129, 0.36666666666666664, 0.013115865178406239
130, 0.4
131, 0.43333333333333335
132, 0.4666666666666667, 0.008694645017385483
133, 0.4666666666666667
134, 0.4666666666666667, 0.0029372244607657194
135, 0.5
136, 0.5666666666666667
137, 0.5333333333333333, 0.014321115799248219
138, 0.6333333333333333
139, 0.6666666666666666
140, 0.7
141, 0.7
142, 0.8
143, 0.8
144, 0.8
145, 0.7666666666666667
146, 0.7666666666666667, 0.0010094211902469397
147, 0.7333333333333333
148, 0.7
149, 0.7
150, 0.7, 0.007730155251920223
151, 0.7
152, 0.7
153, 0.6333333333333333
154, 0.7
155, 0.6666666666666666, 0.004932212643325329
156, 0.6666666666666666
157, 0.6333333333333333
158, 0.6
159, 0.6
160, 0.5666666666666667
161, 0.5333333333333333, 0.003462451044470072
162, 0.5333333333333333
163, 0.5333333333333333, 0.012835139408707619
164, 0.6
165, 0.5666666666666667
166, 0.5
167, 0.4666666666666667, 0.006179214455187321
168, 0.4
169, 0.36666666666666664
170, 0.3333333333333333
171, 0.3333333333333333, 0.017802629619836807
172, 0.3
173, 0.3
174, 0.3
175, 0.3333333333333333
176, 0.36666666666666664, 0.008793962188065052
177, 0.36666666666666664
178, 0.36666666666666664
179, 0.36666666666666664
180, 0.36666666666666664, 0.0023308424279093742
181, 0.36666666666666664
182, 0.36666666666666664
183, 0.36666666666666664
184, 0.3, 0.0018779801903292537
185, 0.3
186, 0.3
187, 0.3333333333333333
188, 0.3333333333333333
189, 0.36666666666666664, 0.004418039694428444
190, 0.4
191, 0.4
192, 0.36666666666666664
193, 0.36666666666666664, 0.018634816631674767
194, 0.3
195, 0.3
196, 0.3
197, 0.3, 0.02870502695441246
198, 0.26666666666666666
199, 0.26666666666666666, 0.0011598572600632906
200, 0.26666666666666666
201, 0.26666666666666666
202, 0.2
203, 0.23333333333333334
204, 0.26666666666666666
205, 0.23333333333333334
206, 0.2, 0.021317271515727043
207, 0.2
208, 0.2
209, 0.23333333333333334
210, 0.23333333333333334, 0.005464136600494385
211, 0.23333333333333334
212, 0.23333333333333334
213, 0.3333333333333333
214, 0.3333333333333333
215, 0.36666666666666664
216, 0.4
217, 0.4
218, 0.4
219, 0.3333333333333333
220, 0.3333333333333333
221, 0.3333333333333333, 0.017323201522231102
222, 0.3333333333333333
223, 0.3333333333333333, 0.0035086702555418015
224, 0.3333333333333333
225, 0.3333333333333333
226, 0.4
227, 0.4
228, 0.4, 0.005666998215019703
229, 0.4
230, 0.4
231, 0.4
232, 0.4, 0.006561488378793001
233, 0.36666666666666664
234, 0.36666666666666664
235, 0.36666666666666664
236, 0.36666666666666664
237, 0.36666666666666664
238, 0.43333333333333335, 0.01580050215125084
239, 0.4
240, 0.4
241, 0.4
242, 0.4666666666666667
243, 0.4
244, 0.4, 0.0064474656246602535
245, 0.4
246, 0.36666666666666664
247, 0.3333333333333333
248, 0.36666666666666664
249, 0.36666666666666664
250, 0.36666666666666664, 0.009961782954633236
251, 0.36666666666666664
252, 0.36666666666666664
253, 0.4
254, 0.4
255, 0.43333333333333335
256, 0.36666666666666664, 0.004502634517848492
257, 0.4, 0.005950083024799824
258, 0.4
259, 0.4
260, 0.4
261, 0.43333333333333335
262, 0.43333333333333335
263, 0.43333333333333335, 0.0027799298986792564
264, 0.4
265, 0.4666666666666667
266, 0.4666666666666667, 0.007039166055619717
267, 0.4666666666666667
268, 0.4, 0.0012154649011790752
269, 0.4
270, 0.4, 0.0051622348837554455
271, 0.43333333333333335
272, 0.36666666666666664
273, 0.3333333333333333
274, 0.3333333333333333
275, 0.3, 0.014411580748856068
276, 0.3333333333333333
277, 0.3333333333333333
278, 0.3
279, 0.3, 0.004395367577672005
280, 0.26666666666666666
281, 0.26666666666666666
282, 0.3
283, 0.26666666666666666, 0.009172707796096802
284, 0.26666666666666666
285, 0.23333333333333334
286, 0.23333333333333334
287, 0.2, 0.013144677504897118
288, 0.2
289, 0.2, 0.005386140197515488
290, 0.2
291, 0.16666666666666666
292, 0.16666666666666666
293, 0.16666666666666666, 0.003458118997514248
294, 0.16666666666666666
295, 0.1
296, 0.1
297, 0.1, 0.00407309178262949
298, 0.1
299, 0.13333333333333333
300, 0.13333333333333333
301, 0.13333333333333333
302, 0.13333333333333333
303, 0.13333333333333333
304, 0.2
305, 0.2, 0.007240352686494589
306, 0.16666666666666666
307, 0.16666666666666666
308, 0.2
309, 0.2
310, 0.2, 0.0011895044008269906
311, 0.2
312, 0.23333333333333334
313, 0.26666666666666666
314, 0.26666666666666666
315, 0.26666666666666666, 0.0046900799497962
316, 0.26666666666666666
317, 0.26666666666666666, 0.008471799083054066
318, 0.26666666666666666
319, 0.26666666666666666
320, 0.26666666666666666
321, 0.26666666666666666, 0.0050850058905780315
322, 0.26666666666666666
323, 0.26666666666666666, 0.0022274202201515436
324, 0.26666666666666666
325, 0.26666666666666666
326, 0.26666666666666666
327, 0.26666666666666666, 0.0011914626229554415
328, 0.3
329, 0.26666666666666666
330, 0.26666666666666666, 0.0024968478828668594
331, 0.26666666666666666
332, 0.26666666666666666
333, 0.26666666666666666
334, 0.2, 0.004533250350505114
335, 0.2
336, 0.2, 0.003238322213292122
337, 0.2
338, 0.16666666666666666
339, 0.16666666666666666
340, 0.16666666666666666, 0.005741823930293322
341, 0.16666666666666666
342, 0.13333333333333333
343, 0.1
344, 0.1, 0.010786795988678932
345, 0.1
346, 0.13333333333333333, 0.012702051550149918
347, 0.16666666666666666, 0.0022632963955402374
348, 0.23333333333333334
349, 0.26666666666666666, 0.017381543293595314
350, 0.26666666666666666
351, 0.26666666666666666
352, 0.26666666666666666
353, 0.3
354, 0.3
355, 0.3, 0.01174907386302948
356, 0.3
357, 0.3
358, 0.26666666666666666
359, 0.26666666666666666
360, 0.3
361, 0.26666666666666666
362, 0.26666666666666666
363, 0.26666666666666666, 0.003535550320520997
364, 0.26666666666666666
365, 0.26666666666666666
366, 0.26666666666666666
367, 0.26666666666666666
368, 0.26666666666666666
369, 0.26666666666666666
370, 0.26666666666666666
371, 0.26666666666666666
372, 0.23333333333333334
373, 0.23333333333333334
374, 0.26666666666666666
375, 0.26666666666666666
376, 0.3
377, 0.26666666666666666
378, 0.2
379, 0.16666666666666666, 0.006893651559948921
380, 0.2
381, 0.2
382, 0.26666666666666666
383, 0.23333333333333334
384, 0.23333333333333334, 0.0017491071484982967
385, 0.23333333333333334
386, 0.23333333333333334, 0.0013756656553596258
387, 0.26666666666666666
388, 0.26666666666666666
389, 0.26666666666666666, 0.002795775420963764
390, 0.23333333333333334
391, 0.23333333333333334
392, 0.23333333333333334
393, 0.23333333333333334
394, 0.23333333333333334
395, 0.23333333333333334
396, 0.26666666666666666
397, 0.3
398, 0.3, 0.0034490590915083885
399, 0.3
400, 0.3
401, 0.3333333333333333
402, 0.3333333333333333, 0.00470529031008482
403, 0.3333333333333333
404, 0.3, 0.00680433539673686
405, 0.3
406, 0.26666666666666666, 0.00781266950070858
407, 0.26666666666666666
408, 0.26666666666666666, 0.0040810974314808846
409, 0.26666666666666666
410, 0.23333333333333334, 0.003111467696726322
411, 0.23333333333333334
412, 0.16666666666666666
413, 0.16666666666666666
414, 0.16666666666666666, 0.0018151483964174986
415, 0.23333333333333334, 0.0026213573291897774
416, 0.23333333333333334
417, 0.2
418, 0.2
419, 0.2
420, 0.2
421, 0.2, 0.014585600234568119
422, 0.2
423, 0.2
424, 0.2
425, 0.26666666666666666
426, 0.23333333333333334
427, 0.23333333333333334, 0.004660783335566521
428, 0.23333333333333334
429, 0.23333333333333334
430, 0.23333333333333334
431, 0.2, 0.007188601419329643
432, 0.23333333333333334
433, 0.23333333333333334
434, 0.23333333333333334
435, 0.23333333333333334, 0.0015973272966220975
436, 0.2
437, 0.2
438, 0.2
439, 0.2
440, 0.26666666666666666, 0.001716278726235032
441, 0.3
442, 0.3, 0.0038937292993068695
443, 0.3333333333333333, 0.008159810677170753
444, 0.3333333333333333
445, 0.26666666666666666
446, 0.26666666666666666
447, 0.26666666666666666
448, 0.26666666666666666
449, 0.26666666666666666
450, 0.26666666666666666
451, 0.26666666666666666, 0.0016491079004481435
452, 0.26666666666666666
453, 0.26666666666666666, 0.002270672470331192
454, 0.3, 0.015698570758104324
455, 0.23333333333333334
456, 0.23333333333333334
457, 0.23333333333333334
458, 0.23333333333333334, 0.009976826608181
459, 0.23333333333333334
460, 0.23333333333333334, 0.008833356201648712
461, 0.23333333333333334
462, 0.2
463, 0.23333333333333334
464, 0.23333333333333334, 0.006575840525329113
465, 0.23333333333333334
466, 0.23333333333333334
467, 0.23333333333333334
468, 0.23333333333333334
469, 0.26666666666666666
470, 0.2, 0.0012443617451936007
471, 0.2
472, 0.2
473, 0.16666666666666666
474, 0.16666666666666666, 0.014525645412504673
475, 0.16666666666666666
476, 0.16666666666666666
477, 0.16666666666666666
478, 0.16666666666666666, 0.0030996196437627077
479, 0.2
480, 0.2
481, 0.2
482, 0.2
483, 0.2
484, 0.16666666666666666
485, 0.2, 0.011342420242726803
486, 0.2
487, 0.2
488, 0.2
489, 0.23333333333333334
490, 0.23333333333333334
491, 0.23333333333333334
492, 0.23333333333333334, 0.004998805932700634
493, 0.2
494, 0.2, 0.0035884722601622343
495, 0.2
496, 0.23333333333333334
497, 0.23333333333333334
498, 0.23333333333333334
499, 0.2, 0.009691665880382061
500, 0.2
501, 0.16666666666666666
502, 0.16666666666666666
503, 0.23333333333333334
504, 0.23333333333333334, 0.004770451691001654
505, 0.26666666666666666
506, 0.3
507, 0.3, 0.0014569784980267286
508, 0.3333333333333333
509, 0.3, 0.0027533462271094322
510, 0.3333333333333333
511, 0.3333333333333333
512, 0.3333333333333333
513, 0.3333333333333333, 0.00471170898526907
514, 0.3333333333333333
515, 0.3
516, 0.36666666666666664
517, 0.3333333333333333
518, 0.3333333333333333
519, 0.3
520, 0.3, 0.0029454748146235943
521, 0.3
522, 0.36666666666666664
523, 0.36666666666666664
524, 0.36666666666666664, 0.0059579419903457165
525, 0.36666666666666664
526, 0.3333333333333333
527, 0.3333333333333333
528, 0.3333333333333333, 0.010195642709732056
529, 0.36666666666666664
530, 0.36666666666666664, 0.008727919310331345
531, 0.36666666666666664
532, 0.36666666666666664
533, 0.3
534, 0.3333333333333333, 0.010933805257081985
535, 0.3333333333333333
536, 0.3, 0.005759676918387413
537, 0.3
538, 0.26666666666666666
539, 0.3333333333333333
540, 0.3
541, 0.3, 0.0012184876250103116
542, 0.3
543, 0.3
544, 0.3
545, 0.3333333333333333
546, 0.26666666666666666
547, 0.26666666666666666, 0.0017584236338734627
548, 0.26666666666666666
549, 0.26666666666666666, 0.009604567661881447
550, 0.26666666666666666
551, 0.26666666666666666
552, 0.2
553, 0.26666666666666666
554, 0.26666666666666666, 0.005024540703743696
555, 0.26666666666666666
556, 0.26666666666666666
557, 0.26666666666666666
558, 0.26666666666666666, 0.0038075328338891268
559, 0.23333333333333334
560, 0.23333333333333334
561, 0.23333333333333334
562, 0.23333333333333334
563, 0.23333333333333334
564, 0.2
565, 0.16666666666666666
566, 0.16666666666666666, 0.004571326542645693
567, 0.16666666666666666
568, 0.16666666666666666
569, 0.1
570, 0.16666666666666666
571, 0.2
572, 0.2, 0.0028179301880300045
573, 0.2
574, 0.2
575, 0.16666666666666666
576, 0.16666666666666666, 0.008959684520959854
577, 0.16666666666666666
578, 0.16666666666666666
579, 0.16666666666666666
580, 0.16666666666666666
581, 0.16666666666666666
582, 0.16666666666666666
583, 0.1
584, 0.13333333333333333, 0.010010829195380211
585, 0.13333333333333333
586, 0.13333333333333333
587, 0.2, 0.006587562616914511
588, 0.26666666666666666, 0.0033199826721102
589, 0.3, 0.010544763877987862
590, 0.3333333333333333
591, 0.3333333333333333
592, 0.3333333333333333
593, 0.3333333333333333, 0.009555391035974026
594, 0.4
595, 0.4666666666666667
596, 0.4666666666666667, 0.0049886079505085945
597, 0.4666666666666667
598, 0.4666666666666667
599, 0.4666666666666667
600, 0.4
601, 0.36666666666666664
602, 0.36666666666666664, 0.008400448597967625
603, 0.36666666666666664
604, 0.36666666666666664
605, 0.36666666666666664
606, 0.36666666666666664
607, 0.4, 0.008782299235463142
608, 0.43333333333333335
609, 0.43333333333333335
610, 0.43333333333333335
611, 0.43333333333333335
612, 0.4666666666666667
613, 0.4666666666666667
614, 0.4666666666666667
615, 0.4666666666666667, 0.0026296875439584255
616, 0.4666666666666667
617, 0.4
618, 0.3333333333333333
619, 0.3, 0.004338140599429607
620, 0.26666666666666666
621, 0.26666666666666666
622, 0.26666666666666666
623, 0.26666666666666666, 0.007023686543107033
624, 0.2
625, 0.16666666666666666
626, 0.16666666666666666
627, 0.16666666666666666, 0.006365952547639608
628, 0.16666666666666666
629, 0.16666666666666666, 0.0025638414081186056
630, 0.16666666666666666
631, 0.16666666666666666
632, 0.16666666666666666
633, 0.16666666666666666
634, 0.16666666666666666
635, 0.2
636, 0.2
637, 0.2, 0.0026111225597560406
638, 0.16666666666666666
639, 0.16666666666666666, 0.002651771530508995
640, 0.16666666666666666
641, 0.16666666666666666
642, 0.13333333333333333
643, 0.13333333333333333, 0.004555784165859222
644, 0.13333333333333333
645, 0.13333333333333333, 0.003970764577388763
646, 0.13333333333333333
647, 0.13333333333333333
648, 0.13333333333333333
649, 0.13333333333333333
650, 0.13333333333333333
651, 0.13333333333333333, 0.0049966201186180115
652, 0.13333333333333333
653, 0.13333333333333333, 0.0036783446557819843
654, 0.16666666666666666
655, 0.13333333333333333
656, 0.13333333333333333
657, 0.13333333333333333
658, 0.13333333333333333
659, 0.16666666666666666, 0.0060119107365608215
660, 0.2
661, 0.2, 0.00353022338822484
662, 0.2
663, 0.26666666666666666
664, 0.3
665, 0.26666666666666666
666, 0.26666666666666666
667, 0.23333333333333334
668, 0.23333333333333334
669, 0.23333333333333334, 0.005289767403155565
670, 0.23333333333333334
671, 0.26666666666666666, 0.002502270508557558
672, 0.26666666666666666
673, 0.26666666666666666, 0.00385170616209507
674, 0.23333333333333334
675, 0.23333333333333334
676, 0.23333333333333334
677, 0.23333333333333334, 0.013535333797335625
678, 0.23333333333333334
679, 0.23333333333333334, 0.004199144896119833
680, 0.23333333333333334
681, 0.23333333333333334
682, 0.23333333333333334
683, 0.23333333333333334
684, 0.2
685, 0.2, 0.005801725201308727
686, 0.2
687, 0.2
688, 0.23333333333333334
689, 0.2
690, 0.16666666666666666
691, 0.16666666666666666
692, 0.16666666666666666
693, 0.1, 0.0034676333889365196
694, 0.1
695, 0.1
696, 0.13333333333333333, 0.006572446785867214
697, 0.13333333333333333
698, 0.13333333333333333, 0.004611426964402199
699, 0.13333333333333333
700, 0.13333333333333333
701, 0.1
702, 0.1, 0.002072216011583805
703, 0.1
704, 0.1
705, 0.1
706, 0.1, 0.002517170738428831
707, 0.1
708, 0.1
709, 0.1
710, 0.1, 0.007171647623181343
711, 0.23333333333333334
712, 0.23333333333333334
713, 0.23333333333333334, 0.005468737334012985
714, 0.23333333333333334
715, 0.23333333333333334
716, 0.3
717, 0.3, 0.0022678670939058065
718, 0.26666666666666666
719, 0.26666666666666666, 0.004623088985681534
720, 0.3
721, 0.3
722, 0.3333333333333333
723, 0.3333333333333333
724, 0.3, 0.008870978839695454
725, 0.3
726, 0.3
727, 0.3
728, 0.36666666666666664
729, 0.4
730, 0.4
731, 0.43333333333333335, 0.001691723708063364
732, 0.43333333333333335
733, 0.43333333333333335
734, 0.43333333333333335
735, 0.43333333333333335, 0.003508815076202154
736, 0.43333333333333335
737, 0.4666666666666667
738, 0.4666666666666667
739, 0.4666666666666667, 0.0046022385358810425
740, 0.4666666666666667
741, 0.3333333333333333
742, 0.3333333333333333
743, 0.3333333333333333
744, 0.36666666666666664
745, 0.36666666666666664
746, 0.3
747, 0.36666666666666664
748, 0.4, 0.007077687419950962
749, 0.4
750, 0.36666666666666664
751, 0.36666666666666664, 0.001017710310406983
752, 0.3333333333333333
753, 0.3333333333333333
754, 0.3333333333333333
755, 0.3333333333333333, 0.0057855513878166676
756, 0.3
757, 0.3
758, 0.23333333333333334
759, 0.2
760, 0.26666666666666666, 0.0026530176401138306
761, 0.23333333333333334
762, 0.23333333333333334, 0.003314852947369218
763, 0.23333333333333334
764, 0.23333333333333334, 0.0017967082094401121
765, 0.23333333333333334
766, 0.23333333333333334, 0.0065008364617824554
767, 0.23333333333333334, 0.004742552526295185
768, 0.26666666666666666
769, 0.3333333333333333
770, 0.3333333333333333
771, 0.3333333333333333
772, 0.36666666666666664, 0.007156756706535816
773, 0.36666666666666664
774, 0.3333333333333333
775, 0.3333333333333333
776, 0.3333333333333333, 0.0037224097177386284
777, 0.3, 0.006740202195942402
778, 0.26666666666666666
779, 0.26666666666666666, 0.0064674075692892075
780, 0.26666666666666666
781, 0.3333333333333333
782, 0.3333333333333333
783, 0.3333333333333333
784, 0.36666666666666664
785, 0.36666666666666664
786, 0.36666666666666664, 0.0038792393170297146
787, 0.36666666666666664
788, 0.36666666666666664
789, 0.36666666666666664
790, 0.3, 0.0013887665700167418
791, 0.3
792, 0.3, 0.004011982120573521
793, 0.3
794, 0.3
795, 0.3333333333333333
796, 0.3333333333333333, 0.006067424081265926
797, 0.3
798, 0.26666666666666666
799, 0.2
800, 0.2, 0.0011981213465332985
801, 0.23333333333333334
802, 0.23333333333333334, 0.004193881526589394
803, 0.23333333333333334
804, 0.23333333333333334, 0.006788299884647131
805, 0.23333333333333334
806, 0.23333333333333334
807, 0.2
808, 0.2, 0.0030356566421687603
809, 0.2
810, 0.2
811, 0.13333333333333333
812, 0.13333333333333333, 0.004322533030062914
813, 0.13333333333333333
814, 0.1
815, 0.1
816, 0.1, 0.004279982298612595
817, 0.1
818, 0.1
819, 0.1
820, 0.1, 0.002953489078208804
821, 0.1
822, 0.1
823, 0.13333333333333333
824, 0.13333333333333333
825, 0.13333333333333333
826, 0.13333333333333333
827, 0.16666666666666666
828, 0.16666666666666666
829, 0.2, 0.010110648348927498
830, 0.23333333333333334
831, 0.2
832, 0.16666666666666666, 0.014088531956076622
833, 0.16666666666666666
834, 0.16666666666666666
835, 0.16666666666666666
836, 0.16666666666666666, 0.003941496834158897
837, 0.16666666666666666
838, 0.16666666666666666, 0.010057220235466957
839, 0.16666666666666666
840, 0.16666666666666666, 0.005910766776651144
841, 0.2
842, 0.2
843, 0.2
844, 0.2, 0.004950679372996092
845, 0.23333333333333334
846, 0.23333333333333334, 0.001383952796459198
847, 0.23333333333333334
848, 0.26666666666666666
849, 0.3, 0.002108122920617461
850, 0.3
851, 0.3
852, 0.3
853, 0.26666666666666666
854, 0.3
855, 0.26666666666666666
856, 0.26666666666666666, 0.002001001965254545
857, 0.23333333333333334
858, 0.26666666666666666, 0.006688888184726238
859, 0.23333333333333334
860, 0.23333333333333334
861, 0.3
862, 0.4, 0.0032699431758373976
863, 0.43333333333333335
864, 0.43333333333333335, 0.008897244930267334
865, 0.4666666666666667
866, 0.4666666666666667
867, 0.4666666666666667
868, 0.4666666666666667
869, 0.4666666666666667, 0.005750011652708054
870, 0.4666666666666667
871, 0.43333333333333335
872, 0.43333333333333335
873, 0.43333333333333335, 0.0021570196840912104
874, 0.43333333333333335
875, 0.4
876, 0.4
877, 0.4666666666666667
878, 0.4666666666666667
879, 0.4666666666666667, 0.004643961321562529
880, 0.4666666666666667
881, 0.4666666666666667
882, 0.4666666666666667
883, 0.4666666666666667, 0.005198611877858639
884, 0.43333333333333335
885, 0.4666666666666667
886, 0.4666666666666667
887, 0.4666666666666667
888, 0.43333333333333335
889, 0.43333333333333335
890, 0.4, 0.00610724464058876
891, 0.36666666666666664
892, 0.3, 0.002164964098483324
893, 0.26666666666666666
894, 0.26666666666666666
895, 0.23333333333333334
896, 0.23333333333333334, 0.003649522550404072
897, 0.26666666666666666, 0.0047001224011182785
898, 0.26666666666666666
899, 0.26666666666666666
900, 0.26666666666666666
901, 0.26666666666666666
902, 0.26666666666666666
903, 0.26666666666666666
904, 0.26666666666666666
905, 0.26666666666666666, 0.005965166259557009
906, 0.26666666666666666
907, 0.2
908, 0.16666666666666666
909, 0.13333333333333333
910, 0.13333333333333333
911, 0.13333333333333333, 0.003388036973774433
912, 0.16666666666666666
913, 0.16666666666666666, 0.005752107128500938
914, 0.16666666666666666
915, 0.13333333333333333
916, 0.13333333333333333
917, 0.13333333333333333, 0.008045323193073273
918, 0.13333333333333333
919, 0.13333333333333333
920, 0.13333333333333333
921, 0.13333333333333333
922, 0.13333333333333333
923, 0.16666666666666666
924, 0.16666666666666666
925, 0.16666666666666666
926, 0.16666666666666666, 0.005612676031887531
927, 0.13333333333333333
928, 0.13333333333333333
929, 0.16666666666666666, 0.002342610154300928
930, 0.16666666666666666
931, 0.16666666666666666
932, 0.2
933, 0.23333333333333334
934, 0.23333333333333334
935, 0.26666666666666666
936, 0.26666666666666666, 0.0023099780082702637
937, 0.26666666666666666
938, 0.26666666666666666, 0.004481091164052486
939, 0.26666666666666666
940, 0.26666666666666666
941, 0.26666666666666666
942, 0.23333333333333334
943, 0.23333333333333334
944, 0.23333333333333334
945, 0.23333333333333334
946, 0.23333333333333334, 0.0070950244553387165
947, 0.23333333333333334
948, 0.23333333333333334
949, 0.23333333333333334
950, 0.23333333333333334, 0.0025880816392600536
951, 0.2
952, 0.16666666666666666
953, 0.16666666666666666
954, 0.16666666666666666, 0.002517731860280037
955, 0.16666666666666666
956, 0.16666666666666666
957, 0.16666666666666666
958, 0.2
959, 0.16666666666666666
960, 0.16666666666666666, 0.014701559208333492
961, 0.16666666666666666
962, 0.13333333333333333, 0.005687774159014225
963, 0.1
964, 0.1, 0.0048769377171993256
965, 0.13333333333333333, 0.0028521595522761345
966, 0.13333333333333333
967, 0.13333333333333333, 0.0023801736533641815
968, 0.13333333333333333
969, 0.16666666666666666, 0.0028742486611008644
970, 0.2
971, 0.26666666666666666, 0.0025509982369840145
972, 0.3
973, 0.36666666666666664
974, 0.4
975, 0.4, 0.008848804049193859
976, 0.4
977, 0.4
978, 0.4
979, 0.4, 0.005718494765460491
980, 0.43333333333333335
981, 0.43333333333333335
982, 0.4666666666666667
983, 0.43333333333333335, 0.002851794008165598
984, 0.43333333333333335
985, 0.43333333333333335, 0.003223795909434557
986, 0.43333333333333335
987, 0.43333333333333335
988, 0.4
989, 0.4, 0.0031147808767855167
990, 0.4
991, 0.4
992, 0.4
993, 0.4, 0.004350896924734116
994, 0.4
995, 0.3333333333333333
996, 0.3333333333333333
997, 0.3333333333333333, 0.0031262203119695187
998, 0.3333333333333333
999, 0.3, 0.0017549541080370545
1000, 0.26666666666666666
1001, 0.23333333333333334
1002, 0.2
1003, 0.13333333333333333, 0.006011291407048702
1004, 0.1
1005, 0.1, 0.008170963265001774
1006, 0.1
1007, 0.1, 0.0051393890753388405
1008, 0.13333333333333333
1009, 0.13333333333333333
1010, 0.13333333333333333, 0.004047009162604809
1011, 0.16666666666666666
1012, 0.13333333333333333
1013, 0.13333333333333333
1014, 0.13333333333333333, 0.002762902295216918
1015, 0.13333333333333333
1016, 0.16666666666666666
1017, 0.16666666666666666
1018, 0.16666666666666666
1019, 0.16666666666666666
1020, 0.16666666666666666, 0.0010508792474865913
1021, 0.2
1022, 0.2, 0.001526805106550455
1023, 0.23333333333333334, 0.006110358517616987
1024, 0.26666666666666666
1025, 0.3333333333333333
1026, 0.36666666666666664, 0.0034415926784276962
1027, 0.4, 0.004167555831372738
1028, 0.4
1029, 0.4
1030, 0.43333333333333335
1031, 0.4666666666666667
1032, 0.5333333333333333
1033, 0.5666666666666667
1034, 0.5666666666666667
1035, 0.5666666666666667
1036, 0.5666666666666667
1037, 0.5666666666666667, 0.002705513034015894
1038, 0.5333333333333333
1039, 0.5333333333333333
1040, 0.5
1041, 0.4666666666666667
1042, 0.4666666666666667
1043, 0.4666666666666667
1044, 0.4666666666666667
1045, 0.4666666666666667
1046, 0.4666666666666667
1047, 0.4666666666666667
1048, 0.5
1049, 0.5
1050, 0.5666666666666667
1051, 0.5666666666666667
1052, 0.6
1053, 0.5666666666666667
1054, 0.5333333333333333
1055, 0.4666666666666667
1056, 0.5
1057, 0.4666666666666667, 0.0041446867398917675
1058, 0.4666666666666667
1059, 0.4666666666666667
1060, 0.43333333333333335
1061, 0.36666666666666664, 0.007757720537483692
1062, 0.3
1063, 0.26666666666666666, 0.00628992635756731
1064, 0.26666666666666666
1065, 0.3333333333333333
1066, 0.3333333333333333
1067, 0.3333333333333333
1068, 0.3333333333333333
1069, 0.3333333333333333
1070, 0.3333333333333333, 0.004468561615794897
1071, 0.3333333333333333
1072, 0.36666666666666664, 0.004327249713242054
1073, 0.36666666666666664
1074, 0.36666666666666664
1075, 0.36666666666666664
1076, 0.3333333333333333, 0.004078629892319441
1077, 0.3333333333333333
1078, 0.3, 0.005590714514255524
1079, 0.3
1080, 0.26666666666666666
1081, 0.23333333333333334
1082, 0.23333333333333334, 0.010225770995020866
1083, 0.3, 0.006586866918951273
1084, 0.3333333333333333, 0.004910121206194162
1085, 0.36666666666666664
1086, 0.3
1087, 0.3
1088, 0.3
1089, 0.3
1090, 0.4
1091, 0.4, 0.004365213215351105
1092, 0.4
1093, 0.43333333333333335
1094, 0.43333333333333335
1095, 0.36666666666666664, 0.004160616546869278
1096, 0.36666666666666664
1097, 0.43333333333333335
1098, 0.43333333333333335
1099, 0.43333333333333335
1100, 0.43333333333333335
1101, 0.43333333333333335, 0.006604951806366444
1102, 0.4
1103, 0.4666666666666667
1104, 0.5, 0.0020742567721754313
1105, 0.5333333333333333
1106, 0.5333333333333333
1107, 0.5333333333333333
1108, 0.5333333333333333, 0.008091629482805729
1109, 0.5333333333333333
1110, 0.5333333333333333
1111, 0.5333333333333333
1112, 0.5, 0.002323386026546359
1113, 0.43333333333333335
1114, 0.4, 0.005497384816408157
1115, 0.36666666666666664
1116, 0.36666666666666664
1117, 0.36666666666666664
1118, 0.36666666666666664
1119, 0.36666666666666664
1120, 0.3
1121, 0.3333333333333333, 0.0036581349559128284
1122, 0.3333333333333333
1123, 0.3
1124, 0.3333333333333333
1125, 0.3333333333333333
1126, 0.36666666666666664
1127, 0.3
1128, 0.3, 0.00474270386621356
1129, 0.3333333333333333, 0.006739784963428974
1130, 0.3333333333333333
1131, 0.3333333333333333
1132, 0.3333333333333333
1133, 0.26666666666666666, 0.002570577897131443
1134, 0.23333333333333334
1135, 0.2
1136, 0.2
1137, 0.2, 0.0030875494703650475
1138, 0.2
1139, 0.2, 0.013067612424492836
1140, 0.2
1141, 0.2
1142, 0.2
1143, 0.23333333333333334
1144, 0.26666666666666666, 0.008186034858226776
1145, 0.26666666666666666
1146, 0.26666666666666666
1147, 0.26666666666666666
1148, 0.26666666666666666
1149, 0.26666666666666666
1150, 0.23333333333333334, 0.0046417671255767345
1151, 0.2
1152, 0.2
1153, 0.2
1154, 0.16666666666666666, 0.0014037314103916287
1155, 0.16666666666666666
1156, 0.13333333333333333
1157, 0.2, 0.0033524627797305584
1158, 0.23333333333333334
1159, 0.23333333333333334
1160, 0.23333333333333334
1161, 0.26666666666666666
1162, 0.3333333333333333
1163, 0.3333333333333333, 0.0042351363226771355
1164, 0.3333333333333333
1165, 0.3333333333333333
1166, 0.3333333333333333
1167, 0.3333333333333333
1168, 0.3333333333333333
1169, 0.3333333333333333, 0.0029113939963281155
1170, 0.3
1171, 0.3, 0.004388334229588509
1172, 0.3333333333333333
1173, 0.3
1174, 0.26666666666666666
1175, 0.26666666666666666
1176, 0.26666666666666666
1177, 0.3
1178, 0.3
1179, 0.3
1180, 0.3333333333333333
1181, 0.3333333333333333
1182, 0.3333333333333333
1183, 0.3333333333333333, 0.0014870100421831012
1184, 0.3333333333333333
1185, 0.36666666666666664, 0.008000188507139683
1186, 0.36666666666666664
1187, 0.3
1188, 0.3
1189, 0.26666666666666666
1190, 0.3
1191, 0.26666666666666666
1192, 0.2, 0.007914049550890923
1193, 0.2
1194, 0.23333333333333334
1195, 0.23333333333333334
1196, 0.23333333333333334, 0.004071099683642387
1197, 0.23333333333333334
1198, 0.23333333333333334
1199, 0.23333333333333334
1200, 0.23333333333333334, 0.005998331122100353
1201, 0.23333333333333334
1202, 0.2
1203, 0.2
1204, 0.2
1205, 0.2
1206, 0.2, 0.0035660932771861553
1207, 0.16666666666666666
1208, 0.16666666666666666
1209, 0.16666666666666666
1210, 0.2
1211, 0.23333333333333334, 0.0018376545049250126
1212, 0.23333333333333334
1213, 0.3
1214, 0.3
1215, 0.26666666666666666, 0.006055050995200872
1216, 0.26666666666666666
1217, 0.26666666666666666
1218, 0.23333333333333334
1219, 0.23333333333333334, 0.004243169911205769
1220, 0.2
1221, 0.2
1222, 0.26666666666666666, 0.004596398212015629
1223, 0.3
1224, 0.3
1225, 0.3
1226, 0.3
1227, 0.3, 0.005984832067042589
1228, 0.3
1229, 0.3
1230, 0.3
1231, 0.4, 0.00492037134245038
1232, 0.4666666666666667
1233, 0.4666666666666667
1234, 0.4666666666666667
1235, 0.4666666666666667, 0.0028353193774819374
1236, 0.5333333333333333, 0.004858643747866154
1237, 0.5333333333333333
1238, 0.5666666666666667, 0.011235509067773819
1239, 0.6
1240, 0.5333333333333333
1241, 0.5666666666666667, 0.006493326276540756
1242, 0.5666666666666667
1243, 0.5
1244, 0.5
1245, 0.5666666666666667
1246, 0.6
1247, 0.6
1248, 0.6
1249, 0.6333333333333333
1250, 0.6666666666666666, 0.007221048232167959
1251, 0.6666666666666666
1252, 0.7333333333333333
1253, 0.7
1254, 0.6666666666666666
1255, 0.6666666666666666, 0.005706599913537502
1256, 0.6666666666666666
1257, 0.6666666666666666, 0.0010662333806976676
1258, 0.6666666666666666
1259, 0.6666666666666666
1260, 0.7
1261, 0.6
1262, 0.5333333333333333
1263, 0.6
1264, 0.6666666666666666, 0.00774930976331234
1265, 0.7
1266, 0.6333333333333333, 0.004043371882289648
1267, 0.6333333333333333
1268, 0.6
1269, 0.5666666666666667
1270, 0.5666666666666667, 0.0032575628720223904
1271, 0.5
1272, 0.5
1273, 0.5
1274, 0.5666666666666667
1275, 0.5333333333333333
1276, 0.5666666666666667
1277, 0.5666666666666667
1278, 0.6
1279, 0.6
1280, 0.5666666666666667
1281, 0.5666666666666667
1282, 0.4666666666666667
1283, 0.4666666666666667
1284, 0.4666666666666667
1285, 0.4666666666666667, 0.007038561627268791
1286, 0.4666666666666667
1287, 0.4666666666666667, 0.008884996175765991
1288, 0.4666666666666667
1289, 0.4666666666666667
1290, 0.4666666666666667
1291, 0.4666666666666667, 0.013416769914329052
1292, 0.4666666666666667
1293, 0.43333333333333335
1294, 0.4
1295, 0.43333333333333335
1296, 0.43333333333333335, 0.006733493879437447
1297, 0.43333333333333335
1298, 0.43333333333333335, 0.0035531651228666306
1299, 0.43333333333333335
1300, 0.43333333333333335, 0.0020132686477154493
1301, 0.4666666666666667
1302, 0.4666666666666667
1303, 0.5
1304, 0.43333333333333335
1305, 0.4666666666666667
1306, 0.4
1307, 0.4
1308, 0.4
1309, 0.36666666666666664, 0.003501857165247202
1310, 0.36666666666666664
1311, 0.36666666666666664
1312, 0.3333333333333333
1313, 0.3333333333333333, 0.01189349964261055
1314, 0.3333333333333333
1315, 0.36666666666666664
1316, 0.36666666666666664
1317, 0.36666666666666664
1318, 0.4
1319, 0.4, 0.010313138365745544
1320, 0.36666666666666664
1321, 0.43333333333333335
1322, 0.5333333333333333, 0.021040985360741615
1323, 0.5
1324, 0.4666666666666667, 0.015119988471269608
1325, 0.4
1326, 0.4
1327, 0.43333333333333335, 0.003637547604739666
1328, 0.43333333333333335
1329, 0.4666666666666667
1330, 0.5
1331, 0.4666666666666667, 0.01028505340218544
1332, 0.4666666666666667
1333, 0.43333333333333335
1334, 0.43333333333333335
1335, 0.4
1336, 0.4, 0.006326023489236832
1337, 0.43333333333333335
1338, 0.4
1339, 0.43333333333333335, 0.007950013503432274
1340, 0.43333333333333335
1341, 0.4666666666666667, 0.018406951799988747
1342, 0.4666666666666667
1343, 0.4666666666666667
1344, 0.4666666666666667
1345, 0.5333333333333333, 0.019917551428079605
1346, 0.6333333333333333
1347, 0.6333333333333333, 0.0023712925612926483
1348, 0.6333333333333333
1349, 0.6666666666666666
1350, 0.6666666666666666, 0.0035263372119516134
1351, 0.6
1352, 0.5333333333333333, 0.010304587893188
1353, 0.5333333333333333
1354, 0.6
1355, 0.6
1356, 0.6
1357, 0.6, 0.019833862781524658
1358, 0.6
1359, 0.5666666666666667, 0.007021201774477959
1360, 0.5333333333333333
1361, 0.5333333333333333
1362, 0.5333333333333333
1363, 0.5333333333333333
1364, 0.5333333333333333
1365, 0.5333333333333333
1366, 0.5333333333333333
1367, 0.5
1368, 0.5
1369, 0.4666666666666667
1370, 0.5333333333333333
1371, 0.6
1372, 0.6, 0.004278039559721947
1373, 0.6333333333333333, 0.0031340462155640125
1374, 0.7
1375, 0.6
1376, 0.5
1377, 0.5
1378, 0.4666666666666667, 0.01189364679157734
1379, 0.5, 0.00866758543998003
1380, 0.5
1381, 0.5
1382, 0.4666666666666667
1383, 0.4666666666666667, 0.011429294012486935
1384, 0.4
1385, 0.4666666666666667
1386, 0.4666666666666667, 0.010484583675861359
1387, 0.43333333333333335
1388, 0.43333333333333335
1389, 0.43333333333333335
1390, 0.43333333333333335, 0.006660250946879387
1391, 0.4666666666666667
1392, 0.4666666666666667
1393, 0.4666666666666667
1394, 0.5
1395, 0.4666666666666667
1396, 0.5
1397, 0.5
1398, 0.5333333333333333
1399, 0.5666666666666667
1400, 0.5
1401, 0.4, 0.006566099356859922
1402, 0.4
1403, 0.43333333333333335
1404, 0.36666666666666664
1405, 0.36666666666666664
1406, 0.4, 0.005865097977221012
1407, 0.4
1408, 0.43333333333333335
1409, 0.36666666666666664
1410, 0.36666666666666664, 0.012816933915019035
1411, 0.36666666666666664
1412, 0.36666666666666664, 0.01117556169629097
1413, 0.4666666666666667
1414, 0.4666666666666667, 0.005267678294330835
1415, 0.4
1416, 0.4
1417, 0.4
1418, 0.4, 0.005622894037514925
1419, 0.4
1420, 0.4
1421, 0.36666666666666664
1422, 0.36666666666666664, 0.006348813883960247
1423, 0.36666666666666664
1424, 0.3333333333333333
1425, 0.36666666666666664
1426, 0.3333333333333333, 0.004882653243839741
1427, 0.36666666666666664, 0.0072945281863212585
1428, 0.36666666666666664
1429, 0.36666666666666664
1430, 0.4
1431, 0.4666666666666667, 0.015856709331274033
1432, 0.4666666666666667
1433, 0.43333333333333335
1434, 0.4666666666666667
1435, 0.5
1436, 0.4666666666666667
1437, 0.5333333333333333
1438, 0.5333333333333333
1439, 0.5666666666666667
1440, 0.5666666666666667
1441, 0.6, 0.005066854413598776
1442, 0.6333333333333333, 0.005467772018164396
1443, 0.5666666666666667
1444, 0.6
1445, 0.6666666666666666, 0.004145721904933453
1446, 0.7
1447, 0.7
1448, 0.7, 0.018844474107027054
1449, 0.7
1450, 0.7
1451, 0.7666666666666667
1452, 0.7666666666666667
1453, 0.7666666666666667, 0.036412402987480164
1454, 0.7666666666666667
1455, 0.7666666666666667, 0.006392058916389942
1456, 0.8333333333333334, 0.009268360212445259
1457, 0.8333333333333334
1458, 0.8, 0.003906081197783351
1459, 0.7666666666666667
1460, 0.7666666666666667, 0.004518296103924513
1461, 0.7333333333333333, 0.010843435302376747
1462, 0.7333333333333333
1463, 0.7666666666666667, 0.012650731950998306
1464, 0.7666666666666667, 0.02455088309943676
1465, 0.7333333333333333
1466, 0.7333333333333333
1467, 0.6666666666666666
1468, 0.6333333333333333, 0.002651775721460581
1469, 0.6333333333333333, 0.023288065567612648
1470, 0.6333333333333333
1471, 0.6666666666666666
1472, 0.7, 0.009377870708703995
1473, 0.7
1474, 0.6666666666666666
1475, 0.6666666666666666, 0.007479297928512096
1476, 0.6666666666666666
1477, 0.7
1478, 0.8, 0.009170564822852612
1479, 0.8
1480, 0.8
1481, 0.7666666666666667, 0.007227312307804823
1482, 0.7666666666666667
1483, 0.7666666666666667, 0.004061159677803516
1484, 0.7666666666666667
1485, 0.7333333333333333, 0.012425183318555355
1486, 0.6666666666666666
1487, 0.6333333333333333, 0.007219260558485985
1488, 0.6333333333333333
1489, 0.6333333333333333
1490, 0.6666666666666666, 0.012969044968485832
1491, 0.6666666666666666
1492, 0.6666666666666666
1493, 0.6
1494, 0.6333333333333333, 0.00474674254655838
1495, 0.6666666666666666
1496, 0.6666666666666666, 0.006163610145449638
1497, 0.7333333333333333
1498, 0.7666666666666667
1499, 0.7333333333333333
1500, 0.7666666666666667, 0.01027541235089302
1501, 0.7333333333333333, 0.017563072964549065
1502, 0.6666666666666666
1503, 0.6333333333333333
1504, 0.6666666666666666
1505, 0.7333333333333333
1506, 0.7
1507, 0.7
1508, 0.6, 0.006794508546590805
1509, 0.6333333333333333, 0.041415609419345856
1510, 0.6666666666666666
1511, 0.6333333333333333
1512, 0.7
1513, 0.7, 0.0208531953394413
1514, 0.7666666666666667
1515, 0.7666666666666667
1516, 0.7666666666666667
1517, 0.7666666666666667, 0.005650177597999573
1518, 0.8333333333333334
1519, 0.8333333333333334
1520, 0.8333333333333334
1521, 0.8333333333333334, 0.023274008184671402
1522, 0.8666666666666667
1523, 0.9333333333333333
1524, 1.0333333333333334
1525, 1.0666666666666667
1526, 1.0666666666666667, 0.00874408520758152
1527, 1.0333333333333334
1528, 1.0666666666666667
1529, 1.0666666666666667, 0.019664738327264786
1530, 1.0333333333333334
1531, 1.0333333333333334
1532, 1.1333333333333333
1533, 1.1666666666666667
1534, 1.1666666666666667
1535, 1.0666666666666667
1536, 1.0666666666666667, 0.02079402096569538
1537, 1.0666666666666667
1538, 1.1333333333333333
1539, 1.1333333333333333, 0.03278042748570442
1540, 1.1
1541, 1.1333333333333333
1542, 1.1666666666666667
1543, 1.2333333333333334
1544, 1.1666666666666667
1545, 1.1666666666666667
1546, 1.1666666666666667
1547, 1.1666666666666667, 0.009798484854400158
1548, 1.1333333333333333
1549, 1.1666666666666667
1550, 1.1666666666666667, 0.018600119277834892
1551, 1.1666666666666667
1552, 1.1666666666666667
1553, 1.1666666666666667
1554, 1.0
1555, 1.0
1556, 1.0333333333333334
1557, 1.0333333333333334
1558, 0.9666666666666667, 0.009966244921088219
1559, 0.9666666666666667
1560, 0.9666666666666667
1561, 0.9333333333333333
1562, 0.8333333333333334, 0.009331578388810158
1563, 0.8
1564, 0.7666666666666667
1565, 0.7333333333333333
1566, 0.7666666666666667
1567, 0.7333333333333333
1568, 0.7666666666666667
1569, 0.7666666666666667, 0.006037905812263489
1570, 0.8
1571, 0.8333333333333334
1572, 0.8, 0.007415442261844873
1573, 0.8
1574, 0.8333333333333334
1575, 0.8666666666666667
1576, 0.9
1577, 0.9333333333333333
1578, 0.9333333333333333
1579, 0.9, 0.022998066619038582
1580, 0.8333333333333334
1581, 0.8, 0.008834044449031353
1582, 0.8666666666666667
1583, 0.9666666666666667
1584, 0.9666666666666667, 0.017233362421393394
1585, 0.9
1586, 0.9, 0.05392464995384216
1587, 0.9333333333333333
1588, 0.9333333333333333
1589, 0.9666666666666667
1590, 1.0
1591, 1.0
1592, 1.0
1593, 1.0
1594, 1.0
1595, 1.0666666666666667, 0.019841305911540985
1596, 1.0333333333333334
1597, 1.1
1598, 1.0666666666666667
1599, 1.0333333333333334
1600, 1.0333333333333334
1601, 1.0
1602, 1.0333333333333334
1603, 1.0333333333333334
1604, 1.0, 0.009431587532162666
1605, 1.0333333333333334
1606, 1.0333333333333334, 0.01066968310624361
1607, 1.1666666666666667
1608, 1.1333333333333333, 0.023991363123059273
1609, 1.2
1610, 1.2
1611, 1.2, 0.006119060330092907
1612, 1.1
1613, 0.9333333333333333
1614, 0.9666666666666667
1615, 1.0
1616, 0.9666666666666667, 0.018910598009824753
1617, 1.0
1618, 1.0333333333333334
1619, 1.0, 0.013223160058259964
1620, 0.9666666666666667
1621, 0.9666666666666667
1622, 1.0
1623, 1.0, 0.02273457497358322
1624, 1.0
1625, 0.9333333333333333
1626, 0.9333333333333333
1627, 0.9333333333333333
1628, 0.9333333333333333
1629, 0.9333333333333333, 0.00690765306353569
1630, 0.9666666666666667
1631, 0.9666666666666667
1632, 0.9333333333333333
1633, 0.8666666666666667, 0.010119284503161907
1634, 0.9
1635, 0.9
1636, 0.8666666666666667, 0.006172131281346083
1637, 0.7333333333333333
1638, 0.7666666666666667
1639, 0.7, 0.006556675769388676
1640, 0.7333333333333333
1641, 0.7666666666666667, 0.01392267644405365
1642, 0.7666666666666667
1643, 0.8, 0.007452142424881458
1644, 0.7666666666666667
1645, 0.7333333333333333
1646, 0.7333333333333333
1647, 0.6333333333333333, 0.025858856737613678
1648, 0.6666666666666666
1649, 0.7333333333333333
1650, 0.7333333333333333
1651, 0.7333333333333333
1652, 0.7, 0.005130946170538664
1653, 0.7
1654, 0.7
1655, 0.7333333333333333
1656, 0.7666666666666667
1657, 0.7333333333333333, 0.019066855311393738
1658, 0.7
1659, 0.7
1660, 0.6666666666666666
1661, 0.6666666666666666
1662, 0.6666666666666666
1663, 0.7
1664, 0.7333333333333333
1665, 0.6666666666666666
1666, 0.6666666666666666, 0.02255949378013611
1667, 0.7666666666666667, 0.012290315702557564
1668, 0.7333333333333333
1669, 0.7333333333333333
1670, 0.7666666666666667, 0.022884901612997055
1671, 0.7666666666666667
1672, 0.7666666666666667
1673, 0.7666666666666667
1674, 0.8
1675, 0.9, 0.019610455259680748
1676, 0.9
1677, 0.9
1678, 0.9
1679, 0.8333333333333334
1680, 0.9, 0.005944112315773964
1681, 0.9
1682, 0.9333333333333333
1683, 0.9333333333333333
1684, 0.9333333333333333
1685, 0.9333333333333333
1686, 0.9, 0.01236826740205288
1687, 0.9333333333333333
1688, 0.9666666666666667
1689, 0.9666666666666667
1690, 0.9666666666666667
1691, 0.9666666666666667
1692, 0.9
1693, 0.9
1694, 0.8666666666666667
1695, 0.9
1696, 0.9
1697, 0.8666666666666667, 0.00690764095634222
1698, 0.8666666666666667
1699, 0.8666666666666667
1700, 0.8666666666666667
1701, 0.8666666666666667, 0.011346391402184963
1702, 0.8666666666666667
1703, 0.8333333333333334
1704, 0.8
1705, 0.7, 0.0027125682681798935
1706, 0.7333333333333333
1707, 0.8
1708, 0.7333333333333333
1709, 0.8, 0.03925376385450363
1710, 0.7666666666666667
1711, 0.7666666666666667
1712, 0.7333333333333333
1713, 0.7666666666666667
1714, 0.7666666666666667
1715, 0.7333333333333333, 0.02123875729739666
1716, 0.8
1717, 0.8
1718, 0.8
1719, 0.8333333333333334
1720, 0.8
1721, 0.7666666666666667, 0.009759707376360893
1722, 0.7666666666666667
1723, 0.7666666666666667
1724, 0.7666666666666667
1725, 0.7666666666666667
1726, 0.7666666666666667, 0.005479763261973858
1727, 0.6666666666666666
1728, 0.7
1729, 0.7333333333333333
1730, 0.7666666666666667
1731, 0.7333333333333333, 0.01384996809065342
1732, 0.7666666666666667, 0.060074180364608765
1733, 0.8
1734, 0.8333333333333334
1735, 0.9
1736, 0.9666666666666667, 0.007621899247169495
1737, 0.9
1738, 0.9666666666666667
1739, 0.9333333333333333
1740, 1.0, 0.004300248809158802
1741, 1.0333333333333334
1742, 1.1
1743, 1.1333333333333333, 0.006662396714091301
1744, 1.1666666666666667
1745, 1.1666666666666667
1746, 1.1, 0.012378409504890442
1747, 1.1, 0.0060295783914625645
1748, 1.1666666666666667, 0.0068150972947478294
1749, 1.1666666666666667
1750, 1.1666666666666667, 0.005347047932446003
1751, 1.1666666666666667
1752, 1.2
1753, 1.2333333333333334
1754, 1.2333333333333334
1755, 1.2
1756, 1.2666666666666666
1757, 1.2666666666666666
1758, 1.2333333333333334, 0.052838899195194244
1759, 1.2666666666666666
1760, 1.1666666666666667
1761, 1.2, 0.006916805170476437
1762, 1.2
1763, 1.3333333333333333
1764, 1.3
1765, 1.2333333333333334, 0.007902554236352444
1766, 1.1333333333333333
1767, 1.1666666666666667
1768, 1.2666666666666666
1769, 1.2666666666666666
1770, 1.2333333333333334
1771, 1.2333333333333334
1772, 1.2, 0.01008718740195036
1773, 1.1333333333333333
1774, 1.1333333333333333, 0.008963956497609615
1775, 1.1666666666666667
1776, 1.1666666666666667
1777, 1.1666666666666667, 0.05283608287572861
1778, 1.1, 0.014179780147969723
1779, 1.1
1780, 1.1
1781, 1.3
1782, 1.2666666666666666, 0.007486329879611731
1783, 1.3
1784, 1.3, 0.031121857464313507
1785, 1.3
1786, 1.3
1787, 1.3333333333333333
1788, 1.3333333333333333
1789, 1.3, 0.018184224143624306
1790, 1.3333333333333333
1791, 1.3333333333333333
1792, 1.3333333333333333
1793, 1.2
1794, 1.3333333333333333, 0.011579811573028564
1795, 1.3666666666666667
1796, 1.3666666666666667, 0.009237566962838173
1797, 1.3666666666666667, 0.009829485788941383
1798, 1.3333333333333333
1799, 1.3, 0.023760557174682617
1800, 1.2333333333333334
1801, 1.2666666666666666
1802, 1.2666666666666666
1803, 1.2666666666666666
1804, 1.2666666666666666
1805, 1.2333333333333334, 0.008715094067156315
1806, 1.2333333333333334
1807, 1.2666666666666666, 0.011193079873919487
1808, 1.2
1809, 1.2
1810, 1.2
1811, 1.1333333333333333
1812, 1.3, 0.037096403539180756
1813, 1.2333333333333334, 0.02963307313621044
1814, 1.2666666666666666
1815, 1.2666666666666666
1816, 1.2666666666666666
1817, 1.2666666666666666, 0.013374241068959236
1818, 1.2666666666666666
1819, 1.2333333333333334
1820, 1.2
1821, 1.2666666666666666, 0.012277211993932724
1822, 1.3
1823, 1.3, 0.008981553837656975
1824, 1.2
1825, 1.2
1826, 1.2, 0.013455160893499851
1827, 1.2333333333333334, 0.021548032760620117
1828, 1.1666666666666667, 0.018302196636795998
1829, 1.2, 0.010677804239094257
1830, 1.2333333333333334
1831, 1.2
1832, 1.1666666666666667
1833, 1.2
1834, 1.2, 0.019038671627640724
1835, 1.2
1836, 1.3
1837, 1.3
1838, 1.3, 0.00770788686349988
1839, 1.2666666666666666
1840, 1.2666666666666666
1841, 1.1333333333333333
1842, 1.0
1843, 1.0
1844, 0.9333333333333333, 0.029017498716711998
1845, 0.9333333333333333
1846, 0.9
1847, 0.9666666666666667
1848, 0.9666666666666667
1849, 0.9666666666666667
1850, 0.9666666666666667, 0.010487305000424385
1851, 0.9
1852, 0.8333333333333334
1853, 0.9
1854, 0.9, 0.012690016999840736
1855, 0.8666666666666667
1856, 0.8666666666666667
1857, 0.8
1858, 0.7333333333333333, 0.022866278886795044
1859, 0.7333333333333333, 0.024422388523817062
1860, 0.7333333333333333
1861, 0.7333333333333333, 0.015721112489700317
1862, 0.7666666666666667
1863, 0.7333333333333333
1864, 0.7333333333333333, 0.02774811163544655
1865, 0.7333333333333333
1866, 0.7
1867, 0.6, 0.025501757860183716
1868, 0.6666666666666666
1869, 0.7333333333333333
1870, 0.7333333333333333
1871, 0.7333333333333333, 0.035407278686761856
1872, 0.8
1873, 0.8
1874, 0.8333333333333334
1875, 0.8333333333333334
1876, 0.8333333333333334, 0.011563083156943321
1877, 0.7333333333333333
1878, 0.7333333333333333
1879, 0.7666666666666667
1880, 0.9
1881, 0.9333333333333333
1882, 0.9333333333333333
1883, 0.9333333333333333, 0.029602643102407455
1884, 0.9333333333333333
1885, 1.0
1886, 1.0, 0.01400434598326683
1887, 1.0333333333333334
1888, 1.0333333333333334
1889, 1.0
1890, 0.9666666666666667, 0.012019088491797447
1891, 0.9333333333333333
1892, 0.9666666666666667
1893, 1.0
1894, 1.0, 0.01726464368402958
1895, 1.0
1896, 1.0666666666666667
1897, 1.1333333333333333
1898, 1.1
1899, 1.0666666666666667, 0.00998000893741846
1900, 1.1
1901, 1.1, 0.06703618168830872
1902, 1.0666666666666667, 0.011758837848901749
1903, 1.1
1904, 1.0666666666666667
1905, 1.2666666666666666
1906, 1.2666666666666666, 0.010402105748653412
1907, 1.3
1908, 1.3666666666666667
1909, 1.4
1910, 1.2666666666666666, 0.017866943031549454
1911, 1.2
1912, 1.2666666666666666
1913, 1.2333333333333334
1914, 1.2
1915, 1.1666666666666667
1916, 1.2666666666666666
1917, 1.3333333333333333
1918, 1.3333333333333333
1919, 1.4, 0.006934389937669039
1920, 1.4333333333333333
1921, 1.4333333333333333, 0.01840020902454853
1922, 1.4, 0.03747626394033432
1923, 1.4666666666666666
1924, 1.4333333333333333, 0.021367333829402924
1925, 1.5
1926, 1.4
1927, 1.3666666666666667, 0.0346868522465229
1928, 1.4
1929, 1.3666666666666667, 0.009172597900032997
1930, 1.3333333333333333
1931, 1.3333333333333333
1932, 1.3333333333333333
1933, 1.2666666666666666
1934, 1.3333333333333333
1935, 1.1333333333333333
1936, 1.2333333333333334
1937, 1.2, 0.011711315251886845
1938, 1.2
1939, 1.1333333333333333
1940, 1.1333333333333333, 0.05801767110824585
1941, 1.1333333333333333
1942, 1.1666666666666667
1943, 1.1333333333333333
1944, 1.2
1945, 1.3333333333333333
1946, 1.2333333333333334
1947, 1.1333333333333333, 0.01208925899118185
1948, 1.2, 0.024802058935165405
1949, 1.1333333333333333
1950, 1.2333333333333334
1951, 1.3, 0.020050710067152977
1952, 1.3
1953, 1.2333333333333334
1954, 1.2333333333333334
1955, 1.1666666666666667, 0.023762132972478867
1956, 1.1666666666666667
1957, 1.2
1958, 1.1333333333333333, 0.007913286797702312
1959, 1.1666666666666667
1960, 1.2666666666666666
1961, 1.3
1962, 1.3
1963, 1.3
1964, 1.2333333333333334
1965, 1.3
1966, 1.2
1967, 1.2333333333333334, 0.036648668348789215
1968, 1.2333333333333334
1969, 1.2666666666666666
1970, 1.2666666666666666, 0.009961371310055256
1971, 1.2666666666666666
1972, 1.2666666666666666, 0.024217624217271805
1973, 1.2666666666666666
1974, 1.2666666666666666
1975, 1.1666666666666667
1976, 1.2333333333333334
1977, 1.2666666666666666, 0.011077824980020523
1978, 1.3, 0.03581839054822922
1979, 1.3
1980, 1.1666666666666667
1981, 1.1333333333333333
1982, 1.1
1983, 1.1333333333333333
1984, 1.1666666666666667
1985, 1.2333333333333334
1986, 1.2
1987, 1.1333333333333333
1988, 1.2333333333333334, 0.008722116239368916
1989, 1.2
1990, 1.2333333333333334, 0.008841032162308693
1991, 1.2666666666666666, 0.004888999741524458
1992, 1.2
1993, 1.2666666666666666
1994, 1.3333333333333333, 0.02602304518222809
1995, 1.3
1996, 1.2666666666666666
1997, 1.3
1998, 1.2666666666666666
1999, 1.2333333333333334
2000, 1.2333333333333334, 0.014170416630804539
2001, 1.3666666666666667, 0.020940003916621208
2002, 1.2666666666666666
2003, 1.2333333333333334
2004, 1.2333333333333334, 0.014693466015160084
2005, 1.1666666666666667
2006, 1.1333333333333333
2007, 1.1666666666666667
2008, 1.0666666666666667
2009, 1.1333333333333333, 0.015111792832612991
2010, 1.2666666666666666
2011, 1.2333333333333334, 0.018932128325104713
2012, 1.2333333333333334
2013, 1.2333333333333334, 0.0396089069545269
2014, 1.2
2015, 1.1333333333333333
2016, 1.2
2017, 1.2
2018, 1.1333333333333333
2019, 1.2, 0.009201009757816792
2020, 1.2, 0.01191024761646986
2021, 1.1333333333333333
2022, 1.1333333333333333, 0.014964292757213116
2023, 1.0666666666666667
2024, 1.0666666666666667, 0.01345539465546608
2025, 1.1333333333333333
2026, 1.1666666666666667, 0.02457692287862301
2027, 1.2
2028, 1.2666666666666666
2029, 1.3
2030, 1.3
2031, 1.1666666666666667
2032, 1.2333333333333334
2033, 1.2333333333333334
2034, 1.1666666666666667
2035, 1.1666666666666667
2036, 1.1666666666666667
2037, 1.1, 0.02272588387131691
2038, 1.1333333333333333
2039, 1.1666666666666667
2040, 1.1666666666666667
2041, 1.2333333333333334
2042, 1.2666666666666666
2043, 1.2666666666666666, 0.008534049615263939
2044, 1.2666666666666666
2045, 1.3, 0.012867316603660583
2046, 1.2666666666666666, 0.007360396906733513
2047, 1.3666666666666667, 0.011777292937040329
2048, 1.3333333333333333
2049, 1.3
2050, 1.2333333333333334
2051, 1.3333333333333333, 0.022822799161076546
2052, 1.3333333333333333
2053, 1.3666666666666667
2054, 1.3666666666666667, 0.011766220442950726
2055, 1.3333333333333333, 0.01351216435432434
2056, 1.4
2057, 1.3
2058, 1.3
2059, 1.2666666666666666
2060, 1.2666666666666666
2061, 1.2666666666666666
2062, 1.3
2063, 1.3333333333333333
2064, 1.3333333333333333
2065, 1.4666666666666666, 0.006708274595439434
2066, 1.4333333333333333
2067, 1.4333333333333333, 0.009172270074486732
2068, 1.4
2069, 1.3666666666666667
2070, 1.3333333333333333
2071, 1.2666666666666666
2072, 1.3666666666666667, 0.020249508321285248
2073, 1.3333333333333333, 0.013173126615583897
2074, 1.3666666666666667, 0.013477569445967674
2075, 1.3333333333333333
2076, 1.3666666666666667
2077, 1.2666666666666666, 0.05022873356938362
2078, 1.3, 0.020352808758616447
2079, 1.3666666666666667
2080, 1.4333333333333333
2081, 1.4
2082, 1.4333333333333333
2083, 1.4333333333333333
2084, 1.4
2085, 1.4333333333333333, 0.026807771995663643
2086, 1.3333333333333333
2087, 1.3333333333333333
2088, 1.2333333333333334
2089, 1.3666666666666667
2090, 1.4666666666666666, 0.011372428387403488
2091, 1.5333333333333334, 0.009894466027617455
2092, 1.5333333333333334
2093, 1.5333333333333334
2094, 1.5666666666666667
2095, 1.4666666666666666
2096, 1.5
2097, 1.5333333333333334
2098, 1.5666666666666667, 0.02362588606774807
2099, 1.5666666666666667
2100, 1.5333333333333334, 0.056717611849308014
2101, 1.5666666666666667
2102, 1.5333333333333334
2103, 1.5, 0.027784302830696106
2104, 1.5, 0.018564574420452118
2105, 1.6333333333333333
2106, 1.6666666666666667
2107, 1.7
2108, 1.8
2109, 1.7333333333333334
2110, 1.6
2111, 1.6
2112, 1.5666666666666667, 0.010280221700668335
2113, 1.5666666666666667, 0.009821160696446896
2114, 1.7333333333333334
2115, 1.6333333333333333, 0.023384351283311844
2116, 1.6666666666666667
2117, 1.7
2118, 1.7666666666666666
2119, 1.6666666666666667, 0.01129518449306488
2120, 1.6666666666666667, 0.018314139917492867
2121, 1.6
2122, 1.5, 0.005574319511651993
2123, 1.5
2124, 1.5
2125, 1.5, 0.06409678608179092
2126, 1.4666666666666666
2127, 1.5
2128, 1.5666666666666667
2129, 1.6, 0.008279308676719666
2130, 1.5333333333333334
2131, 1.5, 0.017412938177585602
2132, 1.4666666666666666
2133, 1.5, 0.028340507298707962
2134, 1.5
2135, 1.5
2136, 1.4, 0.011645293794572353
2137, 1.4
2138, 1.2666666666666666
2139, 1.2666666666666666, 0.009596260264515877
2140, 1.3
2141, 1.4333333333333333
2142, 1.4666666666666666
2143, 1.4333333333333333
2144, 1.2666666666666666, 0.008257807232439518
2145, 1.3333333333333333
2146, 1.4666666666666666
2147, 1.5
2148, 1.4666666666666666
2149, 1.4333333333333333, 0.013394927605986595
2150, 1.4333333333333333, 0.015709344297647476
2151, 1.5333333333333334, 0.01395287923514843
2152, 1.5666666666666667
2153, 1.5666666666666667
2154, 1.5333333333333334
2155, 1.5
2156, 1.5333333333333334
2157, 1.4666666666666666
2158, 1.4333333333333333, 0.040530793368816376
2159, 1.4
2160, 1.4333333333333333
2161, 1.5333333333333334
2162, 1.5
2163, 1.4666666666666666
2164, 1.4333333333333333
2165, 1.3333333333333333, 0.005628151819109917
2166, 1.4
2167, 1.4
2168, 1.4333333333333333
2169, 1.5333333333333334
2170, 1.5
2171, 1.3
2172, 1.4333333333333333
2173, 1.4333333333333333
2174, 1.4666666666666666, 0.017290305346250534
2175, 1.4666666666666666, 0.012893816456198692
2176, 1.3333333333333333, 0.026867764070630074
2177, 1.3333333333333333
2178, 1.3
2179, 1.3, 0.046629782766103745
2180, 1.3333333333333333, 0.021326346322894096
2181, 1.2333333333333334
2182, 1.2
2183, 1.1666666666666667
2184, 1.2666666666666666
2185, 1.4333333333333333
2186, 1.4333333333333333
2187, 1.4666666666666666
2188, 1.4333333333333333, 0.009293896146118641
2189, 1.4, 0.0057405331172049046
2190, 1.3666666666666667
2191, 1.3
2192, 1.3666666666666667
2193, 1.4
2194, 1.4333333333333333
2195, 1.5333333333333334
2196, 1.4666666666666666
2197, 1.4666666666666666, 0.010247552767395973
2198, 1.5
2199, 1.3666666666666667, 0.00758668128401041
2200, 1.3666666666666667
2201, 1.5666666666666667
2202, 1.4666666666666666
2203, 1.4666666666666666
2204, 1.4, 0.0075486754067242146
2205, 1.3333333333333333
2206, 1.3, 0.052660875022411346
2207, 1.3666666666666667
2208, 1.4333333333333333
2209, 1.5333333333333334
2210, 1.4666666666666666
2211, 1.4666666666666666, 0.011482438072562218
2212, 1.5
2213, 1.5333333333333334, 0.008602449670433998
2214, 1.4666666666666666
2215, 1.3
2216, 1.3
2217, 1.3333333333333333
2218, 1.4
2219, 1.3666666666666667, 0.01705784723162651
2220, 1.3666666666666667
2221, 1.3666666666666667, 0.03070952370762825
2222, 1.4333333333333333, 0.01187458261847496
2223, 1.6
2224, 1.5666666666666667
2225, 1.4333333333333333, 0.01339077390730381
2226, 1.4666666666666666
2227, 1.4666666666666666
2228, 1.4666666666666666
2229, 1.5, 0.010644922964274883
2230, 1.5333333333333334
2231, 1.4333333333333333
2232, 1.4
2233, 1.4666666666666666
2234, 1.5, 0.006280547473579645
2235, 1.5333333333333334
2236, 1.5666666666666667
2237, 1.4666666666666666, 0.050153087824583054
2238, 1.4666666666666666
2239, 1.4
2240, 1.3666666666666667
2241, 1.3666666666666667
2242, 1.3666666666666667
2243, 1.4333333333333333, 0.01913660578429699
2244, 1.4666666666666666, 0.017947128042578697
2245, 1.5
2246, 1.5, 0.00666755810379982
2247, 1.5
2248, 1.5
2249, 1.5333333333333334
2250, 1.5666666666666667
2251, 1.5333333333333334
2252, 1.4666666666666666
2253, 1.3333333333333333
2254, 1.3333333333333333
2255, 1.3333333333333333
2256, 1.3, 0.011350017040967941
2257, 1.3333333333333333, 0.007082600146532059
2258, 1.3333333333333333
2259, 1.3, 0.007847869768738747
2260, 1.3
2261, 1.2
2262, 1.2
2263, 1.1333333333333333
2264, 1.1
2265, 1.0666666666666667, 0.01076914556324482
2266, 1.0333333333333334
2267, 1.0333333333333334, 0.007688677869737148
2268, 1.0666666666666667, 0.006896527949720621
2269, 1.0333333333333334
2270, 1.0333333333333334
2271, 1.1
2272, 1.1666666666666667
2273, 1.1666666666666667
2274, 1.2
2275, 1.3
2276, 1.3666666666666667
2277, 1.3
2278, 1.2333333333333334
2279, 1.2, 0.011860260739922523
2280, 1.2333333333333334, 0.004597857128828764
2281, 1.2333333333333334
2282, 1.1333333333333333, 0.009131930768489838
2283, 1.0666666666666667
2284, 1.1666666666666667
2285, 1.2333333333333334
2286, 1.4, 0.009964325465261936
2287, 1.3666666666666667
2288, 1.3333333333333333, 0.016789093613624573
2289, 1.3666666666666667, 0.014845398254692554
2290, 1.4
2291, 1.4333333333333333
2292, 1.5666666666666667, 0.006626300513744354
2293, 1.5666666666666667
2294, 1.6
2295, 1.6
2296, 1.6333333333333333, 0.017256181687116623
2297, 1.6
2298, 1.5
2299, 1.5666666666666667
2300, 1.5666666666666667, 0.0194467194378376
2301, 1.5333333333333334, 0.009493609890341759
2302, 1.5
2303, 1.5
2304, 1.4666666666666666
2305, 1.4
2306, 1.4333333333333333
2307, 1.4666666666666666
2308, 1.5333333333333334, 0.025809282436966896
2309, 1.5333333333333334
2310, 1.4666666666666666
2311, 1.4666666666666666
2312, 1.4666666666666666, 0.008669521659612656
2313, 1.5333333333333334, 0.019665705040097237
2314, 1.4666666666666666
2315, 1.4
2316, 1.3333333333333333
2317, 1.3
2318, 1.2666666666666666, 0.022433768957853317
2319, 1.3333333333333333
2320, 1.4666666666666666
2321, 1.5333333333333334
2322, 1.3666666666666667
2323, 1.3666666666666667
2324, 1.4
2325, 1.5, 0.009030322544276714
2326, 1.5333333333333334, 0.006871466524899006
2327, 1.5666666666666667
2328, 1.5666666666666667, 0.008339176885783672
2329, 1.6, 0.014822080731391907
2330, 1.6333333333333333
2331, 1.6333333333333333, 0.011918433010578156
2332, 1.6666666666666667, 0.005941936280578375
2333, 1.6
2334, 1.5666666666666667, 0.006953656207770109
2335, 1.6333333333333333
2336, 1.5666666666666667, 0.0075325146317481995
2337, 1.6333333333333333
2338, 1.6
2339, 1.6333333333333333
2340, 1.6666666666666667
2341, 1.7333333333333334
2342, 1.8
2343, 1.7333333333333334, 0.016024107113480568
2344, 1.7
2345, 1.7666666666666666
2346, 1.8333333333333333
2347, 1.8333333333333333, 0.004450324457138777
2348, 1.8666666666666667
2349, 1.7666666666666666, 0.024192551150918007
2350, 1.6
2351, 1.5, 0.01293623074889183
2352, 1.5
2353, 1.5666666666666667
2354, 1.6333333333333333, 0.010330446995794773
2355, 1.6333333333333333, 0.014373555779457092
2356, 1.6333333333333333
2357, 1.6
2358, 1.6
2359, 1.6333333333333333
2360, 1.5666666666666667
2361, 1.6333333333333333
2362, 1.6
2363, 1.6333333333333333
2364, 1.6
2365, 1.6, 0.01751706935465336
2366, 1.5333333333333334
2367, 1.5333333333333334
2368, 1.5, 0.008208921179175377
2369, 1.5, 0.007976066321134567
2370, 1.4666666666666666
2371, 1.5
2372, 1.5, 0.006644540932029486
2373, 1.5333333333333334, 0.012705652974545956
2374, 1.5333333333333334
2375, 1.6
2376, 1.5, 0.011342138051986694
2377, 1.5666666666666667, 0.008246886543929577
2378, 1.6333333333333333
2379, 1.6333333333333333, 0.015258895233273506
2380, 1.6333333333333333
2381, 1.6666666666666667
2382, 1.7333333333333334
2383, 1.7333333333333334
2384, 1.7333333333333334
2385, 1.8
2386, 1.7333333333333334
2387, 1.7333333333333334
2388, 1.7666666666666666, 0.007500657811760902
2389, 1.6333333333333333
2390, 1.6333333333333333
2391, 1.6333333333333333
2392, 1.6333333333333333
2393, 1.7666666666666666
2394, 1.7666666666666666
2395, 1.7333333333333334, 0.005148041993379593
2396, 1.7666666666666666, 0.024010377004742622
2397, 1.7
2398, 1.7333333333333334
2399, 1.7666666666666666
2400, 1.7666666666666666
2401, 1.7333333333333334
2402, 1.7
2403, 1.7666666666666666
2404, 1.7666666666666666, 0.012305589392781258
2405, 1.7
2406, 1.6333333333333333
2407, 1.6333333333333333
2408, 1.6333333333333333, 0.010332147590816021
2409, 1.6666666666666667
2410, 1.6666666666666667
2411, 1.7
2412, 1.6333333333333333, 0.007304664701223373
2413, 1.5666666666666667
2414, 1.4666666666666666
2415, 1.3333333333333333
2416, 1.4
2417, 1.4333333333333333, 0.023307356983423233
2418, 1.4666666666666666
2419, 1.4666666666666666, 0.011470084078609943
2420, 1.6
2421, 1.5, 0.012495877221226692
2422, 1.5666666666666667
2423, 1.4333333333333333
2424, 1.4333333333333333, 0.009363089688122272
2425, 1.4666666666666666
2426, 1.5
2427, 1.4666666666666666
2428, 1.5333333333333334
2429, 1.5666666666666667, 0.013856716454029083
2430, 1.6333333333333333
2431, 1.5666666666666667
2432, 1.5666666666666667, 0.014984814450144768
2433, 1.5333333333333334
2434, 1.5333333333333334
2435, 1.5333333333333334, 0.0073684630915522575
2436, 1.6333333333333333
2437, 1.6333333333333333
2438, 1.5333333333333334
2439, 1.5
2440, 1.4666666666666666
2441, 1.4333333333333333, 0.010759338736534119
2442, 1.4333333333333333
2443, 1.5333333333333334, 0.02881397120654583
2444, 1.5666666666666667, 0.014315662905573845
2445, 1.5333333333333334
2446, 1.5666666666666667
2447, 1.5333333333333334
2448, 1.4666666666666666, 0.019532520323991776
2449, 1.4666666666666666
2450, 1.3333333333333333
2451, 1.4666666666666666
2452, 1.4666666666666666, 0.01739906705915928
2453, 1.5333333333333334
2454, 1.5333333333333334, 0.01819329336285591
2455, 1.5333333333333334
2456, 1.5666666666666667
2457, 1.7
2458, 1.6333333333333333
2459, 1.5666666666666667
2460, 1.6333333333333333
2461, 1.7666666666666666
2462, 1.7666666666666666
2463, 1.7333333333333334
2464, 1.7666666666666666
2465, 1.7666666666666666
2466, 1.7666666666666666
2467, 1.8333333333333333
2468, 1.8333333333333333
2469, 1.8666666666666667, 0.020788557827472687
2470, 1.8666666666666667
2471, 1.8333333333333333
2472, 1.8666666666666667
2473, 1.7666666666666666
2474, 1.7
2475, 1.7333333333333334, 0.007656482979655266
2476, 1.7
2477, 1.7333333333333334
2478, 1.7666666666666666
2479, 1.9333333333333333
2480, 1.9666666666666666, 0.01449781097471714
2481, 1.8666666666666667, 0.007492820732295513
2482, 1.8
2483, 1.7333333333333334
2484, 1.7333333333333334
2485, 1.6333333333333333
2486, 1.5333333333333334
2487, 1.4333333333333333
2488, 1.3666666666666667, 0.011556386947631836
2489, 1.3666666666666667
2490, 1.2333333333333334, 0.0240507572889328
2491, 1.1333333333333333
2492, 1.2
2493, 1.1666666666666667, 0.01614748314023018
2494, 1.1666666666666667
2495, 1.1333333333333333
2496, 1.0333333333333334
2497, 0.9, 0.015252925455570221
2498, 0.9666666666666667
2499, 0.9333333333333333
2500, 0.9333333333333333
2501, 0.9666666666666667
2502, 1.2
2503, 1.2666666666666666
2504, 1.3333333333333333
2505, 1.4666666666666666
2506, 1.4333333333333333
2507, 1.4
2508, 1.4, 0.017730114981532097
2509, 1.2333333333333334
2510, 1.3333333333333333, 0.005557541735470295
2511, 1.3333333333333333
2512, 1.3666666666666667
2513, 1.3
2514, 1.3666666666666667
2515, 1.3666666666666667, 0.01702854037284851
2516, 1.4666666666666666, 0.003764914581552148
2517, 1.4666666666666666, 0.019057031720876694
2518, 1.5333333333333334, 0.01429582666605711
2519, 1.6
2520, 1.7666666666666666
2521, 1.8333333333333333
2522, 1.7333333333333334
2523, 1.7666666666666666
2524, 1.8333333333333333, 0.013460214249789715
2525, 1.8
2526, 1.8, 0.030325736850500107
2527, 1.9333333333333333
2528, 2.0
2529, 2.1
2530, 2.1
2531, 2.2333333333333334
2532, 2.0
2533, 1.9666666666666666, 0.02476816624403
2534, 1.9
2535, 1.7333333333333334
2536, 1.7
2537, 1.7333333333333334
2538, 1.7666666666666666
2539, 1.8
2540, 1.7
2541, 1.8333333333333333
2542, 1.7666666666666666
2543, 1.8, 0.015312721952795982
2544, 1.7666666666666666
2545, 1.8
2546, 1.7, 0.013209790922701359
2547, 1.7333333333333334
2548, 1.7333333333333334
2549, 1.7
2550, 1.5666666666666667
2551, 1.4666666666666666
2552, 1.5333333333333334
2553, 1.5666666666666667
2554, 1.5666666666666667, 0.044200580567121506
2555, 1.7333333333333334
2556, 1.7333333333333334
2557, 1.6, 0.015267943032085896
2558, 1.5
2559, 1.4333333333333333
2560, 1.5666666666666667, 0.06251957267522812
2561, 1.4666666666666666
2562, 1.4333333333333333
2563, 1.4
2564, 1.4666666666666666
2565, 1.5333333333333334
2566, 1.6666666666666667
2567, 1.7
2568, 1.7, 0.006300576031208038
2569, 1.6666666666666667
2570, 1.6333333333333333
2571, 1.5333333333333334
2572, 1.5333333333333334
2573, 1.5333333333333334
2574, 1.8666666666666667
2575, 1.8
2576, 1.8333333333333333
2577, 1.8666666666666667
2578, 1.9333333333333333
2579, 1.9
2580, 1.8666666666666667, 0.012007498182356358
2581, 2.0
2582, 1.9666666666666666, 0.008028876967728138
2583, 2.033333333333333
2584, 2.033333333333333, 0.01310427114367485
2585, 1.9666666666666666
2586, 2.1
2587, 2.2666666666666666, 0.024265486747026443
2588, 2.3
2589, 2.2666666666666666
2590, 2.2
2591, 2.1666666666666665, 0.006905658170580864
2592, 2.2333333333333334, 0.012776783667504787
2593, 2.3666666666666667
2594, 2.3333333333333335
2595, 2.3
2596, 2.2333333333333334
2597, 2.1666666666666665
2598, 2.1
2599, 2.1, 0.013133123517036438
2600, 2.1666666666666665
2601, 2.1333333333333333, 0.01250455342233181
2602, 2.2333333333333334
2603, 2.2666666666666666
2604, 1.9666666666666666, 0.009864217601716518
2605, 2.066666666666667
2606, 2.1
2607, 2.033333333333333
2608, 1.9333333333333333, 0.05330834537744522
2609, 2.0
2610, 2.1333333333333333
2611, 2.0
2612, 2.0
2613, 1.9
2614, 1.8666666666666667, 0.008307716809213161
2615, 1.8666666666666667
2616, 1.9333333333333333
2617, 1.7666666666666666
2618, 1.7
2619, 1.7333333333333334
2620, 1.7333333333333334
2621, 1.7
2622, 1.6333333333333333
2623, 1.5
2624, 1.4666666666666666
2625, 1.5666666666666667
2626, 1.5
2627, 1.5666666666666667
2628, 1.6333333333333333, 0.06292538344860077
2629, 1.7, 0.015408583916723728
2630, 1.7333333333333334
2631, 1.7
2632, 1.6333333333333333
2633, 1.6333333333333333, 0.021256381645798683
2634, 1.7, 0.009124161675572395
2635, 1.7666666666666666
2636, 1.9333333333333333
2637, 1.9333333333333333
2638, 1.9333333333333333
2639, 1.8666666666666667, 0.009246816858649254
2640, 1.7666666666666666
2641, 1.9333333333333333
2642, 1.9, 0.01177210919559002
2643, 1.9333333333333333
2644, 2.033333333333333, 0.012152987532317638
2645, 2.0
2646, 1.9666666666666666, 0.015731284394860268
2647, 2.033333333333333
2648, 2.066666666666667, 0.01159316673874855
2649, 2.1
2650, 2.033333333333333
2651, 2.1
2652, 2.2666666666666666
2653, 2.3333333333333335, 0.017826881259679794
2654, 2.3666666666666667
2655, 2.3666666666666667
2656, 2.6
2657, 2.533333333333333
2658, 2.6333333333333333
2659, 2.6666666666666665
2660, 2.8
2661, 2.966666666666667, 0.026008248329162598
2662, 2.9
2663, 2.8666666666666667
2664, 2.8, 0.013104505836963654
2665, 2.6333333333333333
2666, 2.4
2667, 2.3666666666666667
2668, 2.3666666666666667, 0.02280551567673683
2669, 2.433333333333333
2670, 2.4
2671, 2.2333333333333334, 0.014275451190769672
2672, 2.2333333333333334
2673, 2.3333333333333335
2674, 2.1666666666666665
2675, 2.1
2676, 2.0
2677, 2.0
2678, 2.0
2679, 1.9666666666666666
2680, 2.066666666666667
2681, 2.1333333333333333
2682, 1.9666666666666666
2683, 1.9666666666666666
2684, 2.0
2685, 2.0
2686, 1.8333333333333333, 0.01620771735906601
2687, 1.9333333333333333
2688, 1.8
2689, 1.7333333333333334
2690, 1.6
2691, 1.5333333333333334
2692, 1.6
2693, 1.6666666666666667, 0.03592561185359955
2694, 1.6333333333333333
2695, 1.6666666666666667
2696, 1.7333333333333334
2697, 1.8333333333333333
2698, 1.8333333333333333
2699, 1.8333333333333333
2700, 2.0
2701, 2.1
2702, 2.1666666666666665, 0.014350943267345428
2703, 2.066666666666667, 0.007605500519275665
2704, 2.1666666666666665
2705, 2.1666666666666665, 0.022110186517238617
2706, 2.1666666666666665
2707, 2.1333333333333333
2708, 2.2
2709, 2.3
2710, 2.2333333333333334, 0.03158971667289734
2711, 2.3
2712, 2.3666666666666667
2713, 2.3333333333333335, 0.006719990633428097
2714, 2.3333333333333335
2715, 2.3333333333333335
2716, 2.3666666666666667
2717, 2.3333333333333335
2718, 2.433333333333333, 0.009432005695998669
2719, 2.566666666666667
2720, 2.466666666666667
2721, 2.5
2722, 2.533333333333333
2723, 2.433333333333333, 0.016954967752099037
2724, 2.433333333333333
2725, 2.533333333333333
2726, 2.6
2727, 2.7, 0.008634022437036037
2728, 2.7666666666666666
2729, 2.6666666666666665
2730, 2.6333333333333333
2731, 2.566666666666667
2732, 2.566666666666667
2733, 2.566666666666667, 0.016451697796583176
2734, 2.6
2735, 2.7
2736, 2.7333333333333334, 0.01352948322892189
2737, 2.7666666666666666
2738, 2.7
2739, 2.7333333333333334
2740, 2.7666666666666666
2741, 2.7, 0.011908075772225857
2742, 2.7666666666666666
2743, 2.8333333333333335
2744, 2.8, 0.01004709117114544
2745, 2.6666666666666665
2746, 2.7
2747, 2.6333333333333333, 0.025298312306404114
2748, 2.533333333333333
2749, 2.433333333333333
2750, 2.466666666666667
2751, 2.3666666666666667
2752, 2.3333333333333335
2753, 2.3666666666666667
2754, 2.466666666666667
2755, 2.466666666666667
2756, 2.5
2757, 2.3333333333333335, 0.037182655185461044
2758, 2.2333333333333334
2759, 2.2333333333333334
2760, 2.2
2761, 2.3333333333333335, 0.034907083958387375
2762, 2.4
2763, 2.566666666666667
2764, 2.466666666666667
2765, 2.5
2766, 2.5
2767, 2.433333333333333, 0.00949438102543354
2768, 2.6
2769, 2.533333333333333
2770, 2.566666666666667
2771, 2.466666666666667
2772, 2.433333333333333
2773, 2.3666666666666667, 0.005103052593767643
2774, 2.466666666666667, 0.01387099176645279
2775, 2.566666666666667
2776, 2.5
2777, 2.6, 0.013685686513781548
2778, 2.7333333333333334
2779, 2.7
2780, 2.8333333333333335
2781, 2.933333333333333, 0.01330331340432167
2782, 3.066666666666667
2783, 3.1
2784, 3.066666666666667, 0.007675115019083023
2785, 3.033333333333333
2786, 3.0
2787, 3.2666666666666666
2788, 3.4
2789, 3.433333333333333
2790, 3.4, 0.013049065135419369
2791, 3.3666666666666667
2792, 3.3
2793, 3.066666666666667
2794, 3.066666666666667
2795, 3.0
2796, 2.9, 0.012109320610761642
2797, 3.0, 0.014659853652119637
2798, 2.8
2799, 2.7, 0.03566307947039604
2800, 2.7666666666666666
2801, 2.7666666666666666
2802, 2.7
2803, 2.8
2804, 2.7333333333333334
2805, 2.7666666666666666, 0.007362274453043938
2806, 2.7666666666666666
2807, 2.8333333333333335
2808, 2.7666666666666666, 0.026933079585433006
2809, 2.8666666666666667
2810, 2.9, 0.016212385147809982
2811, 3.0
2812, 2.8, 0.006868916563689709
2813, 2.8666666666666667, 0.029277155175805092
2814, 2.9
2815, 3.033333333333333
2816, 3.0
2817, 2.8
2818, 2.7666666666666666, 0.01075618714094162
2819, 2.8333333333333335
2820, 2.933333333333333
2821, 2.9
2822, 2.9, 0.01186183001846075
2823, 2.9
2824, 2.9, 0.01438317820429802
2825, 2.966666666666667
2826, 3.0
2827, 3.033333333333333, 0.014423709362745285
2828, 3.066666666666667, 0.02348070964217186
2829, 3.1
2830, 3.1
2831, 3.2333333333333334, 0.006251306738704443
2832, 3.2666666666666666
2833, 3.1666666666666665
2834, 3.2333333333333334
2835, 3.1666666666666665
2836, 3.2
2837, 3.1
2838, 3.2333333333333334
2839, 3.1
2840, 3.1333333333333333
2841, 3.066666666666667
2842, 3.1666666666666665, 0.006825076881796122
2843, 3.066666666666667
2844, 3.0
2845, 3.0
2846, 2.9, 0.01324134785681963
2847, 2.8
2848, 2.8333333333333335
2849, 2.8
2850, 2.7666666666666666, 0.009603611193597317
2851, 2.8333333333333335, 0.02352859266102314
2852, 2.8666666666666667, 0.004393765702843666
2853, 2.9, 0.012683505192399025
2854, 2.8666666666666667
2855, 2.8666666666666667, 0.02132926508784294
2856, 2.9
2857, 2.966666666666667, 0.010727709159255028
2858, 2.966666666666667, 0.020135678350925446
2859, 3.0, 0.01896084100008011
2860, 2.966666666666667
2861, 2.933333333333333
2862, 3.033333333333333
2863, 3.066666666666667
2864, 3.033333333333333, 0.011720976792275906
2865, 3.1666666666666665
2866, 3.066666666666667
2867, 3.1333333333333333
2868, 2.933333333333333
2869, 2.966666666666667
2870, 2.7666666666666666
2871, 2.6666666666666665
2872, 2.6333333333333333, 0.03291533514857292
2873, 2.7666666666666666
2874, 2.8, 0.012261047959327698
2875, 2.6
2876, 2.8
2877, 2.9, 0.023180728778243065
2878, 2.8666666666666667
2879, 2.8333333333333335
2880, 2.8666666666666667
2881, 2.8333333333333335, 0.012456068769097328
2882, 2.8333333333333335
2883, 2.8666666666666667
2884, 3.0
2885, 3.1
2886, 3.1666666666666665
2887, 3.033333333333333, 0.023884223774075508
2888, 3.1333333333333333
2889, 3.1
2890, 3.033333333333333
2891, 3.0
2892, 2.933333333333333
2893, 2.933333333333333
2894, 3.033333333333333
2895, 2.933333333333333
2896, 3.033333333333333
2897, 2.9
2898, 2.9
2899, 3.033333333333333, 0.023676617071032524
2900, 3.1333333333333333
2901, 3.2
2902, 3.1666666666666665
2903, 3.1333333333333333
2904, 3.066666666666667, 0.06676935404539108
2905, 3.2, 0.021445734426379204
2906, 3.2666666666666666, 0.00972446333616972
2907, 3.2333333333333334
2908, 3.1333333333333333
2909, 3.2666666666666666
2910, 3.3666666666666667
2911, 3.433333333333333
2912, 3.3333333333333335
2913, 3.3
2914, 3.2333333333333334
2915, 3.066666666666667
2916, 2.966666666666667
2917, 2.9, 0.009928998537361622
2918, 2.933333333333333
2919, 3.0
2920, 3.1333333333333333
2921, 3.1333333333333333
2922, 3.066666666666667
2923, 3.1
2924, 2.9
2925, 2.966666666666667
2926, 2.9, 0.016918960958719254
2927, 2.933333333333333
2928, 3.033333333333333, 0.011949143372476101
2929, 2.9
2930, 2.966666666666667
2931, 2.966666666666667, 0.007920514792203903
2932, 3.1333333333333333
2933, 3.3, 0.018285945057868958
2934, 3.4
2935, 3.433333333333333
2936, 3.2333333333333334, 0.025935644283890724
2937, 3.1666666666666665
2938, 3.533333333333333
2939, 3.533333333333333
2940, 3.466666666666667, 0.011939662508666515
2941, 3.2666666666666666
2942, 3.4, 0.01570272073149681
2943, 3.7666666666666666
2944, 3.9
2945, 3.933333333333333
2946, 4.033333333333333
2947, 4.066666666666666
2948, 4.066666666666666, 0.09322750568389893
2949, 4.133333333333334, 0.009276706725358963
2950, 4.066666666666666
2951, 4.433333333333334
2952, 4.733333333333333, 0.014041079208254814
2953, 4.7
2954, 4.766666666666667
2955, 4.666666666666667, 0.01820226013660431
2956, 4.733333333333333
2957, 4.9, 0.017841342836618423
2958, 4.966666666666667
2959, 4.933333333333334
2960, 4.833333333333333
2961, 4.833333333333333
2962, 4.666666666666667
2963, 4.533333333333333
2964, 4.466666666666667, 0.026060925796628
2965, 4.266666666666667
2966, 4.366666666666666, 0.010147870518267155
2967, 4.566666666666666
2968, 4.333333333333333
2969, 4.233333333333333, 0.02289782278239727
2970, 4.1
2971, 4.133333333333334
2972, 4.033333333333333
2973, 3.7333333333333334
2974, 3.6666666666666665
2975, 3.7
2976, 3.6, 0.029895804822444916
2977, 3.566666666666667
2978, 3.466666666666667
2979, 3.466666666666667
2980, 3.466666666666667, 0.030237991362810135
2981, 3.1666666666666665, 0.1271297186613083
2982, 3.0
2983, 3.1, 0.026006247848272324
2984, 3.066666666666667
2985, 3.1333333333333333, 0.00668267160654068
2986, 3.1666666666666665
2987, 3.2
2988, 3.033333333333333
2989, 3.033333333333333, 0.0168977789580822
2990, 3.1, 0.01408385019749403
2991, 3.0, 0.014421246945858002
2992, 3.066666666666667, 0.02862165868282318
2993, 3.1, 0.02631043642759323
2994, 3.1333333333333333, 0.024999789893627167
2995, 3.1666666666666665
2996, 3.1333333333333333
2997, 3.1666666666666665
2998, 3.033333333333333
2999, 3.2333333333333334
3000, 3.2
3001, 3.3666666666666667
3002, 3.5, 0.032067183405160904
3003, 3.6
3004, 3.5
3005, 3.4, 0.01703169196844101
3006, 3.6, 0.037575796246528625
3007, 3.7
3008, 3.6666666666666665
3009, 3.566666666666667
3010, 3.6, 0.05258026719093323
3011, 3.6
3012, 3.5
3013, 3.5
3014, 3.7
3015, 3.6666666666666665
3016, 3.7
3017, 3.6333333333333333
3018, 3.7333333333333334
3019, 3.8
3020, 3.8, 0.019069913774728775
3021, 3.9
3022, 3.8333333333333335
3023, 3.7
3024, 3.6666666666666665
3025, 3.7
3026, 3.6
3027, 3.6333333333333333
3028, 3.7666666666666666
3029, 3.6333333333333333
3030, 3.7666666666666666, 0.02924070507287979
3031, 3.6
3032, 3.566666666666667
3033, 3.566666666666667, 0.12004444748163223
3034, 3.6, 0.009060840122401714
3035, 3.6333333333333333, 0.023903708904981613
3036, 3.566666666666667, 0.014743467792868614
3037, 3.6666666666666665
3038, 3.8, 0.014806414023041725
3039, 3.8
3040, 3.7666666666666666
3041, 3.7333333333333334
3042, 3.7666666666666666
3043, 3.8
3044, 3.7
3045, 3.6666666666666665
3046, 3.6
3047, 3.433333333333333, 0.03304218873381615
3048, 3.5
3049, 3.7333333333333334
3050, 3.6666666666666665, 0.019708510488271713
3051, 3.8
3052, 3.9
3053, 3.933333333333333, 0.024551067501306534
3054, 3.9
3055, 4.133333333333334
3056, 4.333333333333333
3057, 4.133333333333334, 0.017291216179728508
3058, 4.233333333333333
3059, 4.4
3060, 4.366666666666666, 0.012327708303928375
3061, 4.733333333333333
3062, 4.7, 0.01279864739626646
3063, 4.533333333333333
3064, 4.5
3065, 4.7
3066, 4.633333333333334
3067, 4.733333333333333, 0.020458389073610306
3068, 4.666666666666667
3069, 4.933333333333334
3070, 4.9
3071, 4.866666666666666, 0.015326514840126038
3072, 4.966666666666667, 0.009204985573887825
3073, 4.866666666666666
3074, 4.833333333333333
3075, 5.333333333333333, 0.03608434647321701
3076, 5.4
3077, 5.566666666666666
3078, 5.5, 0.024510137736797333
3079, 5.2
3080, 5.4
3081, 5.266666666666667
3082, 5.166666666666667, 0.011181528680026531
3083, 5.166666666666667
3084, 5.366666666666666, 0.048713311553001404
3085, 5.2, 0.014221101999282837
3086, 5.1
3087, 5.1
3088, 5.133333333333334
3089, 4.933333333333334
3090, 4.966666666666667, 0.012552160769701004
3091, 4.7
3092, 4.9
3093, 5.0, 0.01535964384675026
3094, 5.366666666666666
3095, 5.333333333333333
3096, 5.366666666666666
3097, 5.466666666666667, 0.03159937635064125
3098, 5.433333333333334
3099, 5.133333333333334, 0.09306930750608444
3100, 5.433333333333334
3101, 5.466666666666667
3102, 5.466666666666667
3103, 5.4
3104, 5.4
3105, 5.033333333333333, 0.015145484358072281
3106, 5.0
3107, 5.066666666666666
3108, 4.966666666666667
3109, 5.133333333333334
3110, 4.866666666666666
3111, 4.866666666666666, 0.0069496845826506615
3112, 4.966666666666667, 0.028397368267178535
3113, 5.233333333333333
3114, 5.233333333333333, 0.005836427677422762
3115, 5.5, 0.013985859230160713
3116, 5.733333333333333
3117, 5.866666666666666, 0.02331412211060524
3118, 5.833333333333333, 0.01835062727332115
3119, 5.766666666666667, 0.014300130307674408
3120, 5.733333333333333
3121, 5.966666666666667
3122, 5.8, 0.028780939057469368
3123, 5.766666666666667
3124, 5.466666666666667
3125, 5.366666666666666, 0.0130474753677845
3126, 5.5
3127, 5.133333333333334
3128, 5.3, 0.02869282476603985
3129, 5.266666666666667
3130, 5.2
3131, 5.233333333333333
3132, 5.1
3133, 5.2
3134, 5.166666666666667
3135, 5.066666666666666
3136, 5.166666666666667, 0.06894006580114365
3137, 5.1
3138, 5.233333333333333
3139, 5.3
3140, 5.433333333333334
3141, 5.533333333333333, 0.015780044719576836
3142, 5.566666666666666
3143, 5.566666666666666
3144, 5.366666666666666, 0.07089456170797348
3145, 5.066666666666666
3146, 5.166666666666667
3147, 5.033333333333333
3148, 4.966666666666667
3149, 5.066666666666666
3150, 5.2
3151, 5.2
3152, 5.133333333333334
3153, 5.1
3154, 5.366666666666666
3155, 5.366666666666666
3156, 5.166666666666667
3157, 5.366666666666666
3158, 5.233333333333333
3159, 5.233333333333333
3160, 5.4
3161, 5.3
3162, 5.366666666666666
3163, 5.366666666666666
3164, 5.333333333333333
3165, 5.466666666666667, 0.020754117518663406
3166, 5.466666666666667, 0.025205861777067184
3167, 5.666666666666667, 0.016731204465031624
3168, 5.666666666666667
3169, 5.433333333333334
3170, 5.433333333333334
3171, 5.2
3172, 5.166666666666667, 0.01298675499856472
3173, 4.966666666666667
3174, 5.066666666666666
3175, 5.1
3176, 4.8
3177, 5.033333333333333
3178, 5.033333333333333
3179, 5.333333333333333, 0.016873665153980255
3180, 5.266666666666667, 0.022384995594620705
3181, 5.066666666666666, 0.010320992209017277
3182, 5.3
3183, 5.3
3184, 4.966666666666667
3185, 4.966666666666667
3186, 5.066666666666666
3187, 4.966666666666667
3188, 5.0, 0.0403665192425251
3189, 5.033333333333333
3190, 4.633333333333334, 0.007236500736325979
3191, 4.733333333333333
3192, 4.633333333333334
3193, 4.766666666666667
3194, 4.9
3195, 4.833333333333333
3196, 4.733333333333333
3197, 4.466666666666667
3198, 4.433333333333334
3199, 4.6
3200, 4.733333333333333
3201, 4.966666666666667
3202, 5.033333333333333, 0.032857466489076614
3203, 5.0
3204, 4.9
3205, 4.933333333333334
3206, 5.0, 0.008385390043258667
3207, 4.933333333333334
3208, 4.833333333333333, 0.0172148197889328
3209, 4.533333333333333, 0.01791509985923767
3210, 4.633333333333334, 0.017774194478988647
3211, 4.633333333333334
3212, 4.433333333333334, 0.01955210603773594
3213, 4.566666666666666
3214, 4.833333333333333
3215, 4.866666666666666, 0.023647356778383255
3216, 5.0, 0.035412319004535675
3217, 4.933333333333334
3218, 4.9, 0.02449064329266548
3219, 5.166666666666667
3220, 5.166666666666667
3221, 5.2, 0.016084736213088036
3222, 5.333333333333333
3223, 5.233333333333333
3224, 5.233333333333333
3225, 5.266666666666667
3226, 5.333333333333333
3227, 5.466666666666667
3228, 5.366666666666666
3229, 5.366666666666666, 0.02407200075685978
3230, 5.433333333333334, 0.016844185069203377
3231, 5.366666666666666, 0.012553676962852478
3232, 5.266666666666667
3233, 5.7, 0.04264911264181137
3234, 5.7, 0.022012636065483093
3235, 5.6
3236, 5.9
3237, 5.7
3238, 6.133333333333334
3239, 6.166666666666667
3240, 6.266666666666667
3241, 6.266666666666667, 0.022798636928200722
3242, 6.266666666666667
3243, 6.233333333333333
3244, 6.233333333333333, 0.025702916085720062
3245, 6.466666666666667
3246, 6.433333333333334
3247, 6.466666666666667, 0.012159990146756172
3248, 6.366666666666666
3249, 6.166666666666667
3250, 6.5, 0.031889673322439194
3251, 6.366666666666666
3252, 6.4
3253, 6.4
3254, 6.4
3255, 6.333333333333333, 0.010284660384058952
3256, 6.433333333333334
3257, 6.566666666666666
3258, 6.633333333333334, 0.01428417768329382
3259, 6.566666666666666
3260, 6.566666666666666
3261, 6.966666666666667
3262, 6.966666666666667
3263, 6.566666666666666
3264, 6.7, 0.07917314767837524
3265, 6.866666666666666
3266, 6.466666666666667
3267, 6.566666666666666, 0.05856112763285637
3268, 6.133333333333334
3269, 6.0
3270, 5.733333333333333
3271, 5.966666666666667, 0.01166156679391861
3272, 5.933333333333334
3273, 5.966666666666667, 0.01941409520804882
3274, 5.7
3275, 5.5
3276, 5.233333333333333
3277, 5.333333333333333
3278, 5.466666666666667
3279, 5.566666666666666
3280, 5.7
3281, 5.666666666666667
3282, 5.6
3283, 5.733333333333333
3284, 5.666666666666667
3285, 5.633333333333334
3286, 5.666666666666667, 0.004965337924659252
3287, 5.466666666666667
3288, 5.4
3289, 5.4
3290, 5.133333333333334, 0.014664163812994957
3291, 5.033333333333333, 0.009964444674551487
3292, 5.2, 0.019770126789808273
3293, 5.233333333333333
3294, 5.166666666666667
3295, 5.066666666666666
3296, 5.666666666666667
3297, 5.7, 0.014921451918780804
3298, 5.833333333333333, 0.04375278577208519
3299, 5.966666666666667
3300, 5.966666666666667
3301, 6.033333333333333, 0.024030348286032677
3302, 6.166666666666667
3303, 6.0
3304, 6.033333333333333
3305, 6.066666666666666
3306, 6.5, 0.012691879644989967
3307, 6.366666666666666
3308, 6.433333333333334
3309, 6.333333333333333
3310, 5.8
3311, 5.9
3312, 6.033333333333333, 0.013971049338579178
3313, 6.166666666666667
3314, 6.133333333333334
3315, 6.366666666666666, 0.0044183977879583836
3316, 6.1
3317, 6.166666666666667
3318, 6.7
3319, 6.8
3320, 6.766666666666667
3321, 6.366666666666666, 0.03477099537849426
3322, 6.133333333333334
3323, 6.0
3324, 6.166666666666667, 0.008563576266169548
3325, 6.133333333333334
3326, 5.7
3327, 5.633333333333334
3328, 5.5
3329, 5.433333333333334
3330, 5.566666666666666
3331, 5.133333333333334, 0.011545293033123016
3332, 5.266666666666667
3333, 5.366666666666666
3334, 5.333333333333333
3335, 5.233333333333333, 0.03706153482198715
3336, 4.966666666666667
3337, 5.166666666666667
3338, 5.1, 0.008113375864923
3339, 5.066666666666666
3340, 5.3
3341, 5.266666666666667
3342, 5.1, 0.030242130160331726
3343, 4.833333333333333
3344, 5.1, 0.031399838626384735
3345, 4.933333333333334
3346, 5.133333333333334
3347, 5.033333333333333
3348, 4.6
3349, 4.6
3350, 4.566666666666666
3351, 4.9
3352, 5.433333333333334
3353, 5.566666666666666, 0.028648274019360542
3354, 5.333333333333333
3355, 5.766666666666667
3356, 6.033333333333333
3357, 6.0, 0.021729763597249985
3358, 6.033333333333333
3359, 6.0
3360, 6.266666666666667
3361, 6.433333333333334
3362, 6.2, 0.04395449906587601
3363, 6.166666666666667
3364, 6.2
3365, 6.433333333333334, 0.012018049135804176
3366, 6.3
3367, 6.033333333333333
3368, 6.033333333333333
3369, 6.033333333333333, 0.01309545710682869
3370, 6.0
3371, 5.933333333333334
3372, 6.066666666666666
3373, 6.433333333333334, 0.0059099639765918255
3374, 6.2
3375, 6.166666666666667
3376, 5.966666666666667, 0.008432435803115368
3377, 6.0
3378, 6.233333333333333
3379, 6.1
3380, 6.1, 0.11419900506734848
3381, 5.766666666666667
3382, 5.233333333333333
3383, 5.266666666666667
3384, 5.333333333333333, 0.02261008322238922
3385, 5.3
3386, 5.133333333333334
3387, 5.233333333333333
3388, 5.2
3389, 5.233333333333333, 0.006083441898226738
3390, 5.0
3391, 4.866666666666666, 0.009962132200598717
3392, 4.933333333333334
3393, 4.9
3394, 4.9, 0.004772658925503492
3395, 4.633333333333334
3396, 5.133333333333334, 0.034337207674980164
3397, 5.366666666666666
3398, 5.566666666666666
3399, 5.533333333333333
3400, 5.9
3401, 5.9
3402, 5.866666666666666
3403, 5.366666666666666
3404, 5.333333333333333
3405, 5.266666666666667
3406, 5.566666666666666
3407, 5.7
3408, 5.4
3409, 5.466666666666667, 0.009360253810882568
3410, 5.433333333333334
3411, 5.666666666666667
3412, 5.866666666666666
3413, 5.833333333333333
3414, 5.766666666666667
3415, 5.3
3416, 5.033333333333333
3417, 5.0
3418, 5.2
3419, 5.133333333333334, 0.02631954848766327
3420, 5.033333333333333
3421, 5.266666666666667
3422, 5.166666666666667
3423, 5.333333333333333
3424, 5.433333333333334
3425, 5.7
3426, 5.3
3427, 5.233333333333333
3428, 4.933333333333334
3429, 4.933333333333334
3430, 4.466666666666667, 0.021127872169017792
3431, 4.533333333333333
3432, 4.633333333333334
3433, 5.066666666666666
3434, 5.033333333333333
3435, 5.133333333333334
3436, 4.933333333333334
3437, 4.866666666666666
3438, 4.833333333333333
3439, 4.766666666666667
3440, 4.933333333333334
3441, 4.833333333333333, 0.012829633429646492
3442, 5.0
3443, 4.8
3444, 4.9
3445, 4.866666666666666
3446, 5.233333333333333
3447, 5.2
3448, 4.933333333333334
3449, 5.1
3450, 4.966666666666667, 0.04907236993312836
3451, 4.866666666666666, 0.010160868987441063
3452, 4.866666666666666, 0.01846153661608696
3453, 4.866666666666666, 0.014348323456943035
3454, 4.7
3455, 4.633333333333334, 0.005848851520568132
3456, 4.866666666666666
3457, 4.766666666666667
3458, 4.8
3459, 4.766666666666667
3460, 4.733333333333333, 0.04997958242893219
3461, 4.733333333333333, 0.012260280549526215
3462, 4.866666666666666
3463, 4.766666666666667
3464, 4.8
3465, 4.7
3466, 4.9
3467, 5.266666666666667
3468, 5.233333333333333, 0.00964943878352642
3469, 5.2
3470, 5.166666666666667, 0.016006669029593468
3471, 5.166666666666667, 0.011978222988545895
3472, 4.8, 0.027475012466311455
3473, 4.933333333333334
3474, 4.833333333333333, 0.0359196737408638
3475, 4.9, 0.02057986706495285
3476, 4.6
3477, 4.566666666666666
3478, 4.866666666666666
3479, 5.066666666666666
3480, 5.433333333333334
3481, 5.3
3482, 5.866666666666666
3483, 5.7
3484, 5.8
3485, 5.533333333333333
3486, 5.3, 0.011935818940401077
3487, 5.366666666666666, 0.023363474756479263
3488, 5.3
3489, 5.733333333333333
3490, 5.8
3491, 5.733333333333333
3492, 5.5, 0.033808737993240356
3493, 5.533333333333333, 0.012361576780676842
3494, 5.5, 0.01354127936065197
3495, 5.566666666666666
3496, 5.333333333333333
3497, 4.8
3498, 4.866666666666666
3499, 5.033333333333333
3500, 5.166666666666667
3501, 5.3
3502, 5.4
3503, 5.333333333333333, 0.01824687235057354
3504, 5.333333333333333
3505, 5.466666666666667
3506, 5.6
3507, 5.666666666666667
3508, 5.4, 0.04368976131081581
3509, 5.066666666666666, 0.013753648847341537
3510, 4.666666666666667
3511, 5.033333333333333
3512, 4.5
3513, 4.766666666666667, 0.029227513819932938
3514, 4.7
3515, 5.1
3516, 5.2
3517, 5.266666666666667, 0.026593372225761414
3518, 5.5
3519, 5.2
3520, 5.266666666666667, 0.005263998173177242
3521, 5.833333333333333, 0.013723398558795452
3522, 5.866666666666666, 0.011246716603636742
3523, 5.666666666666667
3524, 5.7
3525, 5.6
3526, 5.6
3527, 5.7
3528, 5.733333333333333
3529, 5.933333333333334
3530, 5.733333333333333, 0.010580390691757202
3531, 5.866666666666666
3532, 5.966666666666667
3533, 6.0, 0.008489822968840599
3534, 6.0
3535, 6.566666666666666, 0.009853549301624298
3536, 6.433333333333334
3537, 6.366666666666666
3538, 6.4, 0.045526400208473206
3539, 6.366666666666666
3540, 6.4, 0.010135328397154808
3541, 6.166666666666667, 0.006233752239495516
3542, 6.266666666666667
3543, 6.033333333333333
3544, 6.2, 0.027098294347524643
3545, 6.266666666666667
3546, 6.133333333333334, 0.030576784163713455
3547, 6.0
3548, 5.933333333333334
3549, 6.0
3550, 5.8
3551, 5.466666666666667
3552, 5.333333333333333
3553, 5.233333333333333
3554, 5.4, 0.0068904743529856205
3555, 5.866666666666666, 0.017169348895549774
3556, 6.1
3557, 6.2
3558, 6.266666666666667, 0.015763478353619576
3559, 6.0
3560, 6.233333333333333
3561, 6.033333333333333
3562, 5.933333333333334
3563, 5.933333333333334
3564, 6.0
3565, 5.633333333333334
3566, 5.6
3567, 5.533333333333333
3568, 6.0
3569, 6.1
3570, 6.2
3571, 6.566666666666666
3572, 6.4
3573, 6.5
3574, 6.7, 0.024194912984967232
3575, 6.2
3576, 6.233333333333333, 0.01676103100180626
3577, 6.233333333333333, 0.027737271040678024
3578, 6.133333333333334, 0.10744933038949966
3579, 6.166666666666667
3580, 6.5, 0.02020404487848282
3581, 6.5
3582, 6.7
3583, 6.7
3584, 6.6
3585, 6.3, 0.021060610190033913
3586, 6.266666666666667, 0.03963032364845276
3587, 6.466666666666667, 0.013478334061801434
3588, 6.6, 0.02584710903465748
3589, 6.566666666666666
3590, 6.6
3591, 6.6, 0.017087891697883606
3592, 6.6
3593, 6.6, 0.011318202130496502
3594, 6.566666666666666
3595, 6.466666666666667, 0.0052833762019872665
3596, 6.566666666666666
3597, 6.733333333333333
3598, 6.566666666666666
3599, 6.433333333333334, 0.005692354403436184
3600, 6.366666666666666, 0.031664829701185226
3601, 6.0, 0.03162451460957527
3602, 6.166666666666667
3603, 6.2
3604, 5.833333333333333, 0.01905440352857113
3605, 6.033333333333333, 0.01194224413484335
3606, 6.266666666666667, 0.030761752277612686
3607, 6.333333333333333
3608, 6.566666666666666, 0.02528855949640274
3609, 6.466666666666667, 0.012248287908732891
3610, 6.3
3611, 6.133333333333334, 0.015775859355926514
3612, 5.966666666666667, 0.008618973195552826
3613, 6.0
3614, 6.7
3615, 6.9
3616, 6.9
3617, 6.533333333333333
3618, 6.766666666666667
3619, 6.866666666666666, 0.026025306433439255
3620, 7.2
3621, 7.066666666666666
3622, 7.1
3623, 7.1
3624, 7.033333333333333
3625, 7.133333333333334
3626, 7.266666666666667
3627, 7.333333333333333
3628, 7.066666666666666
3629, 7.1, 0.01054607518017292
3630, 7.066666666666666
3631, 7.2
3632, 7.0
3633, 6.8
3634, 6.8
3635, 6.9
3636, 6.533333333333333
3637, 6.5, 0.010248174890875816
3638, 6.733333333333333
3639, 6.633333333333334
3640, 6.7
3641, 6.633333333333334
3642, 6.533333333333333
3643, 6.433333333333334
3644, 6.166666666666667, 0.01453457772731781
3645, 6.0
3646, 5.8, 0.0206269733607769
3647, 5.9
3648, 5.5
3649, 5.5
3650, 5.1
3651, 5.1
3652, 5.066666666666666
3653, 5.1, 0.04373922199010849
3654, 5.366666666666666, 0.0076547591015696526
3655, 5.1
3656, 4.833333333333333
3657, 4.633333333333334
3658, 4.6
3659, 4.7
3660, 4.733333333333333
3661, 4.6
3662, 4.766666666666667
3663, 4.966666666666667
3664, 5.166666666666667
3665, 5.4, 0.012130120769143105
3666, 5.666666666666667, 0.0319356806576252
3667, 5.7
3668, 5.366666666666666
3669, 5.6
3670, 5.566666666666666
3671, 5.833333333333333
3672, 6.133333333333334
3673, 6.333333333333333
3674, 5.866666666666666, 0.009791452437639236
3675, 5.8
3676, 5.766666666666667, 0.006403852254152298
3677, 5.7
3678, 5.733333333333333, 0.01203843392431736
3679, 5.7
3680, 5.633333333333334
3681, 5.733333333333333
3682, 6.2
3683, 6.333333333333333
3684, 6.133333333333334, 0.018519356846809387
3685, 6.466666666666667
3686, 6.4
3687, 7.233333333333333
3688, 7.3
3689, 7.2
3690, 7.5
3691, 7.466666666666667
3692, 7.366666666666666
3693, 7.3
3694, 7.2, 0.012938566505908966
3695, 7.1
3696, 7.166666666666667
3697, 7.266666666666667, 0.013367949053645134
3698, 7.1
3699, 6.9
3700, 6.733333333333333
3701, 7.066666666666666, 0.03301260620355606
3702, 6.966666666666667, 0.02437470853328705
3703, 6.933333333333334, 0.026255808770656586
3704, 7.033333333333333
